CI_2.5,median,CI_97.5,position,model_no,true_age
0.4933495061515005,0.5021531337180586,0.5112935105137005,0,model_598,0.5
0.4942496464285851,0.5030518724341527,0.5121517704799623,0.01001001001001001,model_598,0.5010003757537538
0.495148664891046,0.5039506552123707,0.5130571575463736,0.02002002002002002,model_598,0.5020001282622623
0.4960476833535069,0.5048569938218211,0.5139699001658119,0.03003003003003003,model_598,0.5029992575285286
0.4969467018159678,0.5057648454169338,0.5148826427852502,0.04004004004004004,model_598,0.5039977645635636
0.49784572027842866,0.506678340783654,0.5157953854046886,0.050050050050050046,model_598,0.5049956523563564
0.49877565724390754,0.507588950075546,0.5167081280241269,0.06006006006006006,model_598,0.5059929199279279
0.4996855603363763,0.5085053315170945,0.5175463537024924,0.07007007007007007,model_598,0.5069895702662662
0.5005685935940365,0.5094192263227593,0.5184788967138336,0.08008008008008008,model_598,0.5079856033793794
0.5014851616530875,0.5103252456476801,0.5194114397251749,0.09009009009009009,model_598,0.5089810202792793
0.502408063912103,0.5112312649726011,0.5203358323641819,0.10010010010010009,model_598,0.5099758229519519
0.5033309661711185,0.5121325535198031,0.5212181605184432,0.11011011011011011,model_598,0.5109700114304304
0.5042180303200064,0.5130433036224428,0.5220944683818686,0.12012012012012012,model_598,0.5119635886756757
0.5050944853001935,0.5139493229473637,0.5229707762452939,0.13013013013013014,model_598,0.5129565537367368
0.5059817686926812,0.5148560951551291,0.5238470841087193,0.14014014014014015,model_598,0.5139489095665666
0.5068997533780176,0.5157667542909823,0.5247233919721447,0.15015015015015015,model_598,0.5149406552372372
0.5078043744707954,0.5166793812054082,0.5256252117330542,0.16016016016016016,model_598,0.5159317946646647
0.5087034063073299,0.517580168897599,0.5265310856440346,0.17017017017017017,model_598,0.516922325927928
0.5095925727864044,0.5184977027094264,0.527436959555015,0.18018018018018017,model_598,0.5179122519999999
0.5105041395448884,0.5193991614103078,0.5283428334659954,0.19019019019019018,model_598,0.5189015738838839
0.5113998675121225,0.5203038008526586,0.5292487073769758,0.20020020020020018,model_598,0.5198902925825827
0.5123035148749816,0.5211984200233897,0.5301360447716046,0.21021021021021022,model_598,0.5208784090990991
0.5132071622378407,0.5221069988310204,0.5310182317954757,0.22022022022022023,model_598,0.5218659244364364
0.5141108096006999,0.5230189584326398,0.5319004188193468,0.23023023023023023,model_598,0.5228528395975975
0.515038791999911,0.5239155355214934,0.5327865968279989,0.24024024024024024,model_598,0.5238391556096097
0.5159783650987461,0.5248215548464142,0.5336934468290349,0.2502502502502503,model_598,0.5248248744284284
0.5168752930273569,0.525714881292479,0.53458451803364615,0.2602602602602603,model_598,0.5258099961061061
0.5177722209559678,0.5266233067068024,0.5355117585565846,0.2702702702702703,model_598,0.5267945225945946
0.5186691488845786,0.527536939124717,0.5364243860728379,0.2802802802802803,model_598,0.5277784539499499
0.5195660768131894,0.5284261077044411,0.5373269803446649,0.2902902902902903,model_598,0.5287617921781781
0.5204630047418003,0.5293285083023109,0.5382304525127337,0.3003003003003003,model_598,0.5297445391951952
0.5213599326704111,0.5302378409060328,0.5391521042047912,0.3103103103103103,model_598,0.5307266940910911
0.522256860599022,0.5311340814650292,0.5400491343490418,0.3203203203203203,model_598,0.5317082588398399
0.5231537885276328,0.5320303655708398,0.5409322026450073,0.3303303303303303,model_598,0.5326892344444444
0.52405093059215,0.5329433401488914,0.5418152709409728,0.34034034034034033,model_598,0.5336696219419419
0.5249545779550091,0.5338428284070826,0.5426983392369382,0.35035035035035034,model_598,0.5346494232682683
0.5258582253178682,0.5347454584380569,0.5436029952831868,0.36036036036036034,model_598,0.5356286384594595
0.5267618726807273,0.5356521060218834,0.5445074895279594,0.37037037037037035,model_598,0.5366072685555555
0.5276630598703076,0.5365556106608176,0.545411983772732,0.38038038038038036,model_598,0.5375853154864865
0.5285567503347608,0.5374587885015394,0.5463164780175046,0.39039039039039036,model_598,0.5385627793303303
0.5294714298223977,0.5383718181454801,0.5472209722622773,0.40040040040040037,model_598,0.539539662053053
0.5303664169874164,0.5392871981412544,0.5481194713421743,0.41041041041041043,model_598,0.5405159646166167
0.5312715061589856,0.54017289013607,0.5490333067001284,0.42042042042042044,model_598,0.5414916871051051
0.5321604816336127,0.541074277923351,0.5499421449998987,0.43043043043043044,model_598,0.5424668314814814
0.5330786871387285,0.5419864942951077,0.5508922883852756,0.44044044044044045,model_598,0.5434413987487487
0.5339922514419042,0.5428961557673937,0.5518032319933297,0.45045045045045046,model_598,0.5444153898648649
0.5348946989464592,0.5437948160891085,0.5527799444814404,0.46046046046046046,model_598,0.5453888049679679
0.5357983463093183,0.5447026914437255,0.553653334920171,0.47047047047047047,model_598,0.5463616469259259
0.5367019936721774,0.5455893235631397,0.5545426646217073,0.4804804804804805,model_598,0.5473339157387388
0.5375995324948919,0.5464940729860975,0.5554629412541723,0.4904904904904905,model_598,0.5483056115535535
0.5385174471902636,0.5473883965793838,0.5563832178866372,0.5005005005005005,model_598,0.5492767372292293
0.5393912307918279,0.5482934243244525,0.5573034945191022,0.5105105105105106,model_598,0.5502472928168168
0.5402870799402959,0.5492030751657201,0.5582225602389167,0.5205205205205206,model_598,0.5512172793193193
0.5411967249369477,0.5500998617455879,0.5591117237111042,0.5305305305305306,model_598,0.5521866977927928
0.5420932652229222,0.5510115454589849,0.5600283633458525,0.5405405405405406,model_598,0.5531555501351351
0.5430091487009922,0.5519308218265737,0.5609395775382544,0.5505505505505506,model_598,0.5541238363463463
0.5438791337437991,0.5528230034470738,0.5618379183057899,0.5605605605605606,model_598,0.5550915566506506
0.5447534288250683,0.5537122981466026,0.5627362590733255,0.5705705705705706,model_598,0.5560587136906907
0.5456607653966071,0.5546231006067777,0.563634599840861,0.5805805805805806,model_598,0.5570252895545547
0.546568101968146,0.5555336097870445,0.5645539100585187,0.5905905905905906,model_598,0.5579913005845846
0.5474754385396847,0.5564421453169752,0.5654763434628328,0.6006006006006006,model_598,0.5589567514954955
0.5483497222765081,0.557352639983035,0.5663770891100631,0.6106106106106106,model_598,0.5599216423483483
0.5492473563185697,0.5582510127318486,0.567278613335831,0.6206206206206206,model_598,0.5608859741461462
0.5501510816370864,0.5591483390532007,0.5681771252891707,0.6306306306306306,model_598,0.5618497478288288
0.5510521678081857,0.5600504779880855,0.5690808832088291,0.6406406406406406,model_598,0.5628129635885886
0.5519331188703803,0.5609322894028657,0.5699820181453281,0.6506506506506506,model_598,0.5637756242392392
0.5528163423216117,0.5618092499467109,0.5709108301311043,0.6606606606606606,model_598,0.5647377298468468
0.5536917537668089,0.5627185620359378,0.5718151478347441,0.6706706706706707,model_598,0.5656992814144144
0.5545462660290125,0.5636252699259066,0.5727306551040353,0.6806806806806807,model_598,0.56666027994494494
0.5554431939576233,0.5645240054919174,0.5736452632855465,0.6906906906906907,model_598,0.5676207264414415
0.5563401218862342,0.5654289240069862,0.5745830304716764,0.7007007007007007,model_598,0.568580621906907
0.557237049814845,0.5663265545419812,0.5755176988785933,0.7107107107107107,model_598,0.5695399673443443
0.5581339777434559,0.5672380586123067,0.576430940694316,0.7207207207207207,model_598,0.5704987637567568
0.5590309056720667,0.5681519014112009,0.5773515341693025,0.7307307307307307,model_598,0.5714570121471472
0.5599278336006775,0.5690607882652745,0.5782672045690362,0.7407407407407407,model_598,0.5724147134444444
0.5608247615292884,0.5699660614008667,0.5791795282315435,0.7507507507507507,model_598,0.5733718678738738
0.5617216894578992,0.5708595736993409,0.5800933803301607,0.7607607607607607,model_598,0.5743284781401402
0.5625628850153704,0.5717589329521073,0.5810211587196927,0.7707707707707707,model_598,0.5752845435485485
0.563454203919184,0.5726612297419317,0.5819489371092247,0.7807807807807807,model_598,0.5762400667957958
0.564343136620381,0.573565943403869,0.5828767154987567,0.7907907907907907,model_598,0.577195047116116
0.5652426748892238,0.5744669744315879,0.5838044938882888,0.8008008008008007,model_598,0.5781494863553553
0.5661341190323849,0.5753680054593068,0.58468745158194,0.8108108108108109,model_598,0.5791033837027026
0.5669923954232065,0.5762690364870257,0.5855574055529607,0.8208208208208209,model_598,0.5800567296206206
0.5678487278613684,0.5771769958024752,0.586453457112695,0.8308308308308309,model_598,0.5810095219249249
0.568641767781416,0.5780858596074893,0.5873663909878977,0.8408408408408409,model_598,0.5819617771561562
0.5694938472741297,0.5789906682300459,0.5882938919808824,0.8508508508508509,model_598,0.5829134953993994
0.5703711615137876,0.5798974273053437,0.5892223517417006,0.8608608608608609,model_598,0.5838646777437437
0.5711137079071587,0.5808123859679132,0.5901517902776026,0.8708708708708709,model_598,0.5848153259339339
0.5719390588228195,0.5816981906016925,0.5910859336392087,0.8808808808808809,model_598,0.5857654393193193
0.572799563317133,0.5826149080657427,0.5919793069109003,0.8908908908908909,model_598,0.5867150205525525
0.573661066429491,0.5835246195625382,0.5928726801825919,0.9009009009009009,model_598,0.587664068990991
0.5745532579200193,0.5844301340618405,0.5937660534542835,0.9109109109109109,model_598,0.5886125872792793
0.5753214645138696,0.5853371313385002,0.5946934424507998,0.9209209209209209,model_598,0.5895605747827828
0.5761850445014793,0.5862425688197009,0.5956255320159786,0.9309309309309309,model_598,0.5905080341381381
0.5770730287048894,0.5871493954762311,0.5965576215811574,0.9409409409409409,model_598,0.5914549645305306
0.5778745420127169,0.5880585813142739,0.5974897111463362,0.950950950950951,model_598,0.5924013671531532
0.5787245318568223,0.588967058975562,0.5984073739224295,0.960960960960961,model_598,0.5933472446306307
0.579610898722466,0.5898617239138443,0.5993109593690837,0.970970970970971,model_598,0.5942925961541542
0.5805102378051228,0.5907689570408773,0.6002280858349784,0.980980980980981,model_598,0.5952374228248248
0.5813789712141112,0.5916742913823809,0.6011452123008731,0.990990990990991,model_598,0.5961817264504505
0.5822522569376376,0.5925764794590507,0.6020579301989785,1.001001001001001,model_598,0.5971255056296296
0.5831764311860412,0.593472296088917,0.6029582212889466,1.011011011011011,model_598,0.5980687475335336
0.5841006054344448,0.594367718431938,0.6038585123789149,1.021021021021021,model_598,0.5990114521981982
0.5849125317187871,0.5952804251102723,0.604758803468883,1.031031031031031,model_598,0.599953636028028
0.5856781310674243,0.5961774793162242,0.6056590945588511,1.0410410410410411,model_598,0.6008953009249249
0.5865534625241334,0.5970792606574169,0.6065593856488193,1.0510510510510511,model_598,0.6018364477867868
0.5874663287718439,0.5979709983313455,0.6074978176544337,1.0610610610610611,model_598,0.6027770768258258
0.5883791950195544,0.5988846708983883,0.608402189576031,1.0710710710710711,model_598,0.6037171898338338
0.5892920612672649,0.5997988672919495,0.6092947665476045,1.0810810810810811,model_598,0.604656787027027
0.5902088602611824,0.6007130636855109,0.6102165329611461,1.0910910910910911,model_598,0.6055958700840841
0.5910550449384967,0.6016213908446972,0.6111134228784074,1.1011011011011012,model_598,0.6065344384424424
0.5919325694878275,0.6025131576393183,0.6120103127956686,1.1111111111111112,model_598,0.6074724947777778
0.5928457668088181,0.6034255820994755,0.612909072536969,1.1211211211211212,model_598,0.6084100390900901
0.5936544582802938,0.6043404201549453,0.6138370929670233,1.1311311311311312,model_598,0.6093470717187187
0.5944510215557991,0.6052461339114432,0.6147609420735839,1.1411411411411412,model_598,0.6102835952162162
0.5953384705328324,0.606150257185083,0.6156673826249,1.1511511511511512,model_598,0.6112196088098099
0.5962259195098656,0.6070428584761961,0.6166087296235598,1.1611611611611612,model_598,0.6121551123413413
0.5971133684868988,0.6079448512021557,0.6175491746872402,1.1711711711711712,model_598,0.6130900959639639
0.5980080781046433,0.6088585128735456,0.6184721457377906,1.1811811811811812,model_598,0.6140245487087087
0.5988252630310427,0.6097603184734764,0.6193866752509363,1.1911911911911912,model_598,0.61495849479779785
0.599595722326101,0.6106594670651408,0.620293992396411,1.2012012012012012,model_598,0.6158919367597597
0.6004777846905224,0.6115637299256326,0.6212013095418858,1.2112112112112112,model_598,0.6168248739549549
0.6013732086729568,0.6124666652582265,0.6221086266873607,1.2212212212212212,model_598,0.6177573081451452
0.6022690578214249,0.613373990900007,0.6230159438328354,1.2312312312312312,model_598,0.6186892394534534
0.6031649069698929,0.6142728564953339,0.6239197054033288,1.2412412412412412,model_598,0.619620669007007
0.604060756118361,0.6151787942183091,0.6248107446683662,1.2512512512512513,model_598,0.6205515985615615
0.6049566052668289,0.6160743610649414,0.6257157904558137,1.2612612612612613,model_598,0.6214820282432433
0.605852454415297,0.6169931478237984,0.626633620926054,1.2712712712712713,model_598,0.6224119590550551
0.606748303563765,0.6178903750878888,0.6275525295602095,1.2812812812812813,model_598,0.6233413918718719
0.6075630459030663,0.6188038026132354,0.6284598467056843,1.2912912912912913,model_598,0.624270326951952
0.6084163459703151,0.6197043979312558,0.6293671638511591,1.3013013013013013,model_598,0.6251987660410411
0.6092984083347366,0.6206046665134353,0.6302744809966339,1.3113113113113113,model_598,0.6261267041561561
0.610180470699158,0.6215316758436132,0.6311817981421086,1.3213213213213213,model_598,0.627054113093093
0.6110795777279265,0.6224466917161683,0.6320891152875835,1.3313313313313313,model_598,0.6279810255695696
0.6119818232481815,0.6233437089713905,0.6329908561301958,1.3413413413413413,model_598,0.6289074451951951
0.6128840687684365,0.6242486274864593,0.63389752709076,1.3513513513513513,model_598,0.6298333727027027
0.6137864492627887,0.6251574593695002,0.6348138593690885,1.3613613613613613,model_598,0.6307588076336337
0.6146996465837793,0.6260611772083593,0.6357669138746563,1.3713713713713713,model_598,0.6316837527227227
0.6155425944672697,0.6269594660477583,0.6366737106112383,1.3813813813813813,model_598,0.6326082086966968
0.6163206795877969,0.6278493401689026,0.6375830170165249,1.3913913913913913,model_598,0.6335321749699699
0.6171106171274893,0.6287501379477405,0.6384903774291165,1.4014014014014013,model_598,0.6344556534084085
0.6179996960307965,0.6296494635040999,0.6394099485408006,1.4114114114114114,model_598,0.6353786448738739
0.6188887749341037,0.6305487890604594,0.640346780357987,1.4214214214214214,model_598,0.6363011495085085
0.6197476065564129,0.631459237068216,0.641265299206659,1.4314314314314314,model_598,0.6372231684584585
0.6205340906917222,0.6323630471086328,0.6422029679013497,1.4414414414414414,model_598,0.6381446978198199
0.6214111375197706,0.6332519182329652,0.6431535995852091,1.4514514514514514,model_598,0.6390657087807807
0.6223019743613785,0.6341384931299408,0.6440808000348585,1.4614614614614614,model_598,0.639986230076076
0.6232027692906327,0.6350365228066496,0.6450080004845078,1.4714714714714714,model_598,0.6409062695555556
0.6241035642198869,0.6359420292830031,0.6459290610898891,1.4814814814814814,model_598,0.6418258279259259
0.6250043591491411,0.6368471036711301,0.6468624013838065,1.4914914914914914,model_598,0.6427449046316316
0.6259051540783953,0.637748688939475,0.6477655908649163,1.5015015015015014,model_598,0.6436635015285286
0.6268059490076495,0.6386528347890322,0.64870380994546,1.5115115115115114,model_598,0.6445816196196197
0.6277067439369037,0.6395309775664839,0.6496440027327546,1.5215215215215214,model_598,0.6454992597557557
0.6286075388661579,0.6404378466757681,0.6505712031824038,1.5315315315315314,model_598,0.6464164220900901
0.6294790102743395,0.6413509498329264,0.6515055636348873,1.5415415415415414,model_598,0.6473331076256256
0.6303702324834122,0.6422611093414273,0.6524683660905632,1.5515515515515514,model_598,0.6482493173653654
0.6312928608294366,0.6431621837563142,0.6534214208568729,1.5615615615615615,model_598,0.6491650466906906
0.632159671136289,0.6440694175759468,0.6543385473227676,1.5715715715715715,model_598,0.6500802696116116
0.6330253537428938,0.6449755496521822,0.6552742318870881,1.5815815815815815,model_598,0.6509950077737738
0.6338948055092334,0.645891404833972,0.6562400995545299,1.5915915915915915,model_598,0.6519092731501501
0.6348021464298113,0.6467964839653033,0.6571908668951266,1.6016016016016015,model_598,0.6528230667437437
0.635709487350389,0.6476993230907744,0.6580911579850948,1.6116116116116117,model_598,0.6537363893963963
0.6365853776457381,0.6486072738545272,0.6590009254345389,1.6216216216216217,model_598,0.6546492412702702
0.6374321771344047,0.6495105893531161,0.659986257283037,1.6316316316316317,model_598,0.6555616235315316
0.6382361640841361,0.650419978889716,0.6609214618953805,1.6416416416416417,model_598,0.6564735376936937
0.6391378991488169,0.6513217207206062,0.6618730671060823,1.6516516516516517,model_598,0.6573849832492492
0.6400452400693948,0.6522219222217676,0.6628307439704602,1.6616616616616617,model_598,0.658295962038038
0.6409525809899725,0.6531389556630635,0.6637675757876466,1.6716716716716717,model_598,0.6592064713853854
0.6418599219105503,0.6540554539231173,0.664704407604833,1.6816816816816818,model_598,0.6601164922462462
0.642726899660642,0.654952847292176,0.6656166456099317,1.6916916916916918,model_598,0.6610260223603603
0.6435909119606181,0.6558584669530747,0.6665240066364668,1.7017017017017018,model_598,0.661935087885886
0.6444550490711313,0.6567498537732801,0.6674381937487437,1.7117117117117118,model_598,0.6628436904864865
0.6453191861816444,0.6576522432459229,0.6683756680058776,1.7217217217217218,model_598,0.6637518305065065
0.6461833232921576,0.6585552373555819,0.6693131422630114,1.7317317317317318,model_598,0.6646595094324325
0.6470491947693744,0.6594569786991629,0.6702391000575693,1.7417417417417418,model_598,0.6655667266096097
0.6479375279411208,0.6603438868652023,0.6711667702172177,1.7517517517517518,model_598,0.6664734832162162
0.6487999379013292,0.6612526567182648,0.6721205175997431,1.7617617617617618,model_598,0.6673797809059059
0.6496632919449808,0.6621551044966529,0.673058276858316,1.7717717717717718,model_598,0.6682856198558559
0.650524757821746,0.6630700653626399,0.6739867699769613,1.7817817817817818,model_598,0.6691909942982983
0.6514012579100988,0.6639827472975094,0.674900723338383,1.7917917917917918,model_598,0.6700958775145145
0.6522820768292079,0.6648745152134534,0.6758074841949624,1.8018018018018018,model_598,0.6710002902072072
0.6531342208416433,0.6657629457779606,0.6767142450515419,1.8118118118118118,model_598,0.6719042478098098
0.6539863648540788,0.6666604110308931,0.6776210059081212,1.8218218218218218,model_598,0.6728077498658659
0.6548385088665142,0.667564345282454,0.6785277667647006,1.8318318318318318,model_598,0.673710798015015
0.6556906528789497,0.66846462297661,0.6794556332685497,1.8418418418418419,model_598,0.6746133924414414
0.6565468225020694,0.669352067056664,0.6803632050910967,1.8518518518518519,model_598,0.6755155341481481
0.6573949409038204,0.6702656357133858,0.6812931844966353,1.8618618618618619,model_598,0.6764172241381381
0.6582470849162558,0.6711703302060099,0.6822118647277048,1.8718718718718719,model_598,0.6773184632272272
0.6590992289286913,0.6720726085254155,0.6831511344794226,1.8818818818818819,model_598,0.6782192463343343
0.6599662074877779,0.6729750333728379,0.6841095942947455,1.8918918918918919,model_598,0.6791195514864865
0.6608488945404193,0.6738725833966795,0.685058941259427,1.901901901901902,model_598,0.6800193843893894
0.6617315815930607,0.6747689708369321,0.6859944420984359,1.911911911911912,model_598,0.6809187692062062
0.6625984972646638,0.6756696984701582,0.6869300590727498,1.921921921921922,model_598,0.6818177057027027
0.6634609072248722,0.6765854608453026,0.6878656760470638,1.931931931931932,model_598,0.6827161963083083
0.6643302026129336,0.677466065832871,0.6888051899952171,1.941941941941942,model_598,0.6836142408288288
0.6651943397234468,0.678378759228841,0.689748169186809,1.951951951951952,model_598,0.684511839042042
0.6660584768339599,0.6792858992578158,0.6906911483784008,1.961961961961962,model_598,0.6854089933683684
0.666922613944473,0.6801923754237702,0.6916341275699928,1.971971971971972,model_598,0.686305704005005
0.6677907530914062,0.6810896894613334,0.6925771067615847,1.981981981981982,model_598,0.6872019628378379
0.6686894804085576,0.681996198994802,0.6934999213703525,1.991991991991992,model_598,0.6880977400700701
0.6695893360519324,0.6829033647008244,0.694414994867262,2.002002002002002,model_598,0.6889930643943943
0.6704891916953071,0.6838105304068467,0.695344989388848,2.012012012012012,model_598,0.6898879480390391
0.6713324396532201,0.6847068406146681,0.69626801738835975,2.022022022022022,model_598,0.6907823916026027
0.6721598941803631,0.6856103217012465,0.697217604238906,2.032032032032032,model_598,0.691676394894895
0.6729873487075062,0.6865086986976199,0.6981574627645182,2.042042042042042,model_598,0.6925699601081081
0.6738357108285782,0.6874136548342273,0.6990930797388322,2.052052052052052,model_598,0.6934630866496497
0.6746998479390913,0.688310460379129,0.7000286967131462,2.062062062062062,model_598,0.6943557757287288
0.6755688256525146,0.689210239660156,0.7009643136874601,2.0720720720720722,model_598,0.6952480235495496
0.6764654909419038,0.6901063464683211,0.7018999306617743,2.0820820820820822,model_598,0.6961398075735736
0.6773621562312929,0.691000877013834,0.7028299951130299,2.0920920920920922,model_598,0.6970311281881882
0.6782588215206821,0.6918976825587355,0.7037446786544421,2.1021021021021022,model_598,0.6979220141441441
0.6791243361951276,0.6928064657269682,0.7046705192274976,2.1121121121121122,model_598,0.6988124662332332
0.6799531302922895,0.6937123029508669,0.7056044038926437,2.1221221221221223,model_598,0.6997024848798798
0.680830947945539,0.6946193037639085,0.70653828855779,2.1321321321321323,model_598,0.7005920716636637
0.6817242803124691,0.6955244226138002,0.7074689124131646,2.1421421421421423,model_598,0.7014812265845846
0.6826176126793991,0.6964285984355904,0.708381778660875,2.1521521521521523,model_598,0.7023699500730731
0.6835109450463293,0.6973182744768363,0.7093160965505718,2.1621621621621623,model_598,0.7032582380810811
0.6844042774132594,0.6982069486241459,0.7102601914611233,2.1721721721721723,model_598,0.704146068006006
0.6852932206468448,0.6991007774586535,0.711204286371675,2.1821821821821823,model_598,0.7050334402922923
0.6861430488825528,0.7000056383760905,0.7121415965486673,2.1921921921921923,model_598,0.7059203845045046
0.6869657058088019,0.7009080532339933,0.7130754812138135,2.2022022022022023,model_598,0.7068069005205205
0.6878770010568035,0.7018097744627373,0.7140093658789597,2.2122122122122123,model_598,0.7076929902432433
0.6887882963048051,0.7027206165108149,0.7149414082340397,2.2222222222222223,model_598,0.7085786527777778
0.6896995915528066,0.7036255762738552,0.7158771352092521,2.2322322322322323,model_598,0.7094638904634635
0.6906108868008081,0.7045305360368956,0.7168110198743983,2.2422422422422423,model_598,0.7103487035245245
0.6915221820488097,0.705435495799936,0.7177449045395445,2.2522522522522523,model_598,0.7112330823783783
0.6924175322312732,0.7063362087620919,0.7186787892046907,2.2622622622622623,model_598,0.7121169976276277
0.6932816693417864,0.7072471588588554,0.719612673869837,2.2722722722722724,model_598,0.7130004755385385
0.6941480687625687,0.7081503750890571,0.7205465585349832,2.2822822822822824,model_598,0.7138835316066066
0.6950541690524978,0.7090542589229727,0.7214804432001294,2.2922922922922924,model_598,0.714766166061061
0.6959602693424268,0.7099581920523226,0.7224143278652756,2.3023023023023024,model_598,0.7156483796746748
0.6968628347484398,0.7108652543781782,0.7233435037134249,2.3123123123123124,model_598,0.71653017290991
0.6977406509059074,0.7117801958583604,0.7242715241434792,2.3223223223223224,model_598,0.7174115473083084
0.698618467063375,0.7126808392371593,0.7251995445735334,2.3323323323323324,model_598,0.7182924986716717
0.6994962832208427,0.7135862107272356,0.7261275650035877,2.3423423423423424,model_598,0.7191730066036036
0.7003556248520489,0.7144915822173119,0.7270642378091223,2.3523523523523524,model_598,0.7200530606626626
0.7012035061215968,0.7153900531933799,0.7280159993265255,2.3623623623623624,model_598,0.7209326973593594
0.7020513873911446,0.7162950129564203,0.7289515205212991,2.3723723723723724,model_598,0.7218119184624624
0.7028992686606924,0.7171999727194606,0.7298940816010692,2.3823823823823824,model_598,0.7226907244984986
0.7037471499302402,0.7180979399872551,0.7308380846927899,2.3923923923923924,model_598,0.7235691151821821
0.7046268483996877,0.7190057682767101,0.7317773078448054,2.4024024024024024,model_598,0.7244470922792793
0.7055120882308243,0.7199032210141167,0.7326989595368629,2.4124124124124124,model_598,0.7253246548628629
0.7064059021924756,0.7208005625160359,0.7336206112289204,2.4224224224224224,model_598,0.7262017845265265
0.7072997161541268,0.7217063940667698,0.7345529042556477,2.4324324324324325,model_598,0.7270784555675676
0.708193530115778,0.7226253198239266,0.7354887131773227,2.4424424424424425,model_598,0.7279547155435435
0.7090873440774292,0.7235229558572333,0.7364225978424688,2.4524524524524525,model_598,0.7288305641871872
0.7099714518873101,0.7244114784476843,0.7373564825076151,2.4624624624624625,model_598,0.7297060027657658
0.7108428150118249,0.7253080444903468,0.7382903671727613,2.4724724724724725,model_598,0.7305810312652652
0.7117141781363397,0.7261999663873846,0.7392247907561886,2.4824824824824825,model_598,0.73145565194995
0.7125855412608545,0.7271156234694859,0.7401708465458787,2.4924924924924925,model_598,0.7323298625765766
0.7134569043853694,0.7280143163613224,0.7411169023355686,2.5025025025025025,model_598,0.7332036436076076
0.7143282675098842,0.7289121407958356,0.7420775968379575,2.5125125125125125,model_598,0.7340769722812813
0.7151996306343991,0.7298127615811892,0.7430461653342018,2.5225225225225225,model_598,0.7349498948918919
0.7160709937589138,0.7307110778213957,0.7440026945059052,2.5325325325325325,model_598,0.7358224111961962
0.7169423568834287,0.7316042802556525,0.7449383114802193,2.5425425425425425,model_598,0.736694522945946
0.7178137200079435,0.7325198042716228,0.7458739284545333,2.5525525525525525,model_598,0.7375662306336337
0.7186850831324583,0.7334349128953523,0.7468095454288473,2.5625625625625625,model_598,0.7384375342812813
0.7195564462569731,0.7343294108672098,0.7477451624031612,2.5725725725725725,model_598,0.7393084291801801
0.7204278093814879,0.7352157238206886,0.748685348653089,2.5825825825825826,model_598,0.7401788905735736
0.7212991725060027,0.7361020367741672,0.7496314044427791,2.5925925925925926,model_598,0.7410489167407407
0.7221705356305176,0.7369954945894392,0.7505786995452355,2.6026026026026026,model_598,0.7419185416256256
0.7230418987550324,0.7379080303291479,0.7515400785520756,2.6126126126126126,model_598,0.7427877664504505
0.7239132618795472,0.7388231739907751,0.7525014575589156,2.6226226226226226,model_598,0.7436565907367367
0.724784625004062,0.7397370136914432,0.7534628365657556,2.6326326326326326,model_598,0.7445250157507508
0.7256559881285769,0.7406361598920056,0.7544242155725958,2.6426426426426426,model_598,0.7453930427057057
0.7265273512530916,0.7415485469922914,0.7553821650775264,2.6526526526526526,model_598,0.7462606568048048
0.7273987143776065,0.7424551990982993,0.756326168169247,2.6626626626626626,model_598,0.7471278288528528
0.7282700775021212,0.7433638593374865,0.7572701712609677,2.6726726726726726,model_598,0.7479945911501501
0.7291414406266361,0.744279872103812,0.7582141743526883,2.6826826826826826,model_598,0.7488609576566566
0.7300128037511509,0.745198095393435,0.759154609509846,2.6926926926926926,model_598,0.7497269286416416
0.7308841668756657,0.7460977381888227,0.7600799244204974,2.7027027027027026,model_598,0.7505925051081082
0.7317555300001806,0.747004487208423,0.760999897173314,2.7127127127127126,model_598,0.7514576877877878
0.7326268931246954,0.7479023467214976,0.7619301297087495,2.7227227227227226,model_598,0.7523224693293293
0.7334982562492103,0.7488002062345722,0.7628657230679741,2.7327327327327327,model_598,0.7531868251111111
0.734369619373725,0.7497007347877206,0.7638080047575211,2.7427427427427427,model_598,0.7540507549069069
0.7352409824982399,0.7506102859786281,0.764758148142898,2.7527527527527527,model_598,0.7549142931951952
0.7361123456227546,0.7515198760677596,0.7657082915282749,2.7627627627627627,model_598,0.7557774404264264
0.7369837087472695,0.752420896226373,0.7666584349136519,2.7727727727727727,model_598,0.7566401964294294
0.7378510796990734,0.7532787949937773,0.7675819653897065,2.7827827827827827,model_598,0.757502562931932
0.738722627804866,0.7541750043012563,0.7684323934051664,2.7927927927927927,model_598,0.7583645381441442
0.7395901394805345,0.7550382701834957,0.7693601717946985,2.8028028028028027,model_598,0.7592260998658659
0.7404576511562031,0.7559228463757985,0.7702879501842306,2.8128128128128127,model_598,0.7600872259639639
0.7413251628318718,0.7568032880201581,0.7712079223915103,2.8228228228228227,model_598,0.7609479638498499
0.7421926745075402,0.7576661647877598,0.7721435069632947,2.8328328328328327,model_598,0.7618083152462463
0.7430601861832089,0.7585438546312812,0.7730712853528268,2.8428428428428427,model_598,0.7626682805875876
0.7439276978588775,0.7593851882596732,0.7739990637423587,2.8528528528528527,model_598,0.7635278597267268
0.7447581885962431,0.7602325624644672,0.7749268421318908,2.8628628628628627,model_598,0.7643870540970971
0.7455740692513494,0.7611179934560524,0.7758136716325819,2.8728728728728727,model_598,0.7652458421521521
0.7463614055756277,0.7619640550335367,0.7767543738540312,2.8828828828828827,model_598,0.7661041924864865
0.7471675144922857,0.7628340964529208,0.7777015937706265,2.8928928928928928,model_598,0.7669621597667667
0.7480149099567366,0.7636819999820417,0.7785249045196735,2.9029029029029028,model_598,0.7678197438608608
0.7488939678927837,0.7645423917648859,0.7793266293354993,2.9129129129129128,model_598,0.7686769461921922
0.7497730258288311,0.7654123080215927,0.7801283541513253,2.9229229229229228,model_598,0.769533767053053
0.7506520837648782,0.7662459827145516,0.7809594758159559,2.932932932932933,model_598,0.7703902062732733
0.7514818489013698,0.7670923877062972,0.7818729742713306,2.942942942942943,model_598,0.7712462411261262
0.7522909646999909,0.7679503758659889,0.7827864727267053,2.952952952952953,model_598,0.7721018439239239
0.7531312446931242,0.768806026395481,0.78369997118208,2.962962962962963,model_598,0.7729570672592592
0.7539403542906705,0.7695842014653118,0.7845282935432152,2.972972972972973,model_598,0.7738119121351351
0.7546960757196598,0.7704074010339734,0.7853252012236834,2.982982982982983,model_598,0.7746663795545545
0.7554838039544924,0.7712733122032802,0.7861365630518254,2.992992992992993,model_598,0.7755204699219219
0.7562841949651169,0.772149115615025,0.7869252693540664,3.003003003003003,model_598,0.7763741783303303
0.757046163643412,0.7729740378473472,0.7877968697305076,3.013013013013013,model_598,0.7772274807947948
0.7578149723233172,0.7737804479405815,0.7886362332971039,3.023023023023023,model_598,0.7780803637297297
0.7585759098499428,0.7745912672490717,0.7894764485853794,3.033033033033033,model_598,0.7789328719159159
0.7594140500570761,0.7754010073051245,0.7903609997739718,3.043043043043043,model_598,0.7797850056576576
0.7600779888294705,0.7762343442560162,0.7912817791023182,3.053053053053053,model_598,0.7806367656526526
0.7608181270751873,0.7770268279129331,0.7921054617769436,3.063063063063063,model_598,0.7814881522072071
0.7615338180477292,0.7778193115698501,0.7929212192938218,3.073073073073073,model_598,0.7823391543393393
0.7622805725188977,0.7785976373132754,0.7938145890625999,3.083083083083083,model_598,0.7831897450340339
0.7630317001780628,0.7793873106236971,0.7947348656950649,3.093093093093093,model_598,0.7840399358948948
0.763805274635782,0.780156526268406,0.79565514232753,3.103103103103103,model_598,0.784889756015015
0.7645300174024618,0.7809185908496251,0.7964642378151406,3.113113113113113,model_598,0.7857392057057057
0.7652206784104438,0.7817189127879307,0.7973098777388643,3.123123123123123,model_598,0.7865882856576576
0.7659551040093309,0.782463732858421,0.7981586376953864,3.133133133133133,model_598,0.7874369961841842
0.7666951159807867,0.7832234395124461,0.7989583760393559,3.143143143143143,model_598,0.7882853156576576
0.7673960694868105,0.7840078423791186,0.7997976927069607,3.153153153153153,model_598,0.7891332151171171
0.7681736625204263,0.7847625497326121,0.800632777076678,3.163163163163163,model_598,0.7899807406706707
0.768915151895154,0.7855485387802902,0.8014364793716415,3.173173173173173,model_598,0.7908278991241241
0.7696455550676972,0.7863087473001651,0.8022741973450369,3.183183183183183,model_598,0.7916746915285285
0.7704233699298979,0.7870392425102004,0.8030268777236795,3.193193193193193,model_598,0.7925211178388388
0.7711718687763949,0.787824777848331,0.8038318586590727,3.203203203203203,model_598,0.7933671694904905
0.7719787347555708,0.7885859251273616,0.8045565444471422,3.2132132132132134,model_598,0.7942128189249249
0.7726685718668358,0.7893397756530873,0.8053562827911116,3.2232232232232234,model_598,0.7950580692892892
0.7733621305567044,0.7900861389015926,0.806088756875972,3.2332332332332334,model_598,0.7959029562502502
0.774047772395068,0.790825721959855,0.8068203139260927,3.2432432432432434,model_598,0.7967474801621621
0.7747972174690683,0.7915878440899655,0.8074960525673687,3.2532532532532534,model_598,0.7975916413233234
0.7755150944629607,0.7923491220754947,0.80827665471493515,3.2632632632632634,model_598,0.7984354414374375
0.7762135539503703,0.7931168778933219,0.808999747357032,3.2732732732732734,model_598,0.7992788533153153
0.7769120134377798,0.7938627255476433,0.8097364596996155,3.2832832832832834,model_598,0.8001218489029029
0.7776104729251895,0.7946131276249898,0.8105086494110396,3.2932932932932935,model_598,0.8009644834264265
0.778308932412599,0.7953411299672838,0.8112500377687359,3.3033033033033035,model_598,0.8018067582312313
0.7790073919000086,0.7961058684690914,0.8120000109715609,3.3133133133133135,model_598,0.8026486736486487
0.7797058513874181,0.7968361473951429,0.8127957929393457,3.3233233233233235,model_598,0.8034902306816817
0.7804043108748276,0.7975862129078172,0.8135571403654994,3.3333333333333335,model_598,0.804331411
0.7812020695312971,0.7983365855569623,0.8142922209437555,3.3433433433433435,model_598,0.8051721865195195
0.7819589305439408,0.7991016395621637,0.8149908185159522,3.3533533533533535,model_598,0.806012586994995
0.7826250232573593,0.799881069439796,0.8157750871049502,3.3633633633633635,model_598,0.8068526314234234
0.783281416247551,0.800621660932373,0.8165049249653742,3.3733733733733735,model_598,0.8076923198138138
0.783959094841472,0.8014010441841078,0.8172344070833346,3.3833833833833835,model_598,0.8085316531571571
0.7847364492904015,0.8021583760477248,0.8180288007996188,3.3933933933933935,model_598,0.809370617894895
0.7854480695446957,0.8029102460214508,0.818823194515903,3.4034034034034035,model_598,0.8102091871441441
0.7861170741137332,0.8036402153423121,0.8195036956796068,3.4134134134134135,model_598,0.811047372956957
0.7867721695390631,0.804401627827673,0.8203105044837518,3.4234234234234235,model_598,0.8118852054054054
0.7874184546640667,0.8051144055422905,0.8211053878307133,3.4334334334334335,model_598,0.8127226854924925
0.7881240878208458,0.8058720979833436,0.821882092192553,3.4434434434434436,model_598,0.8135598135325326
0.7888726208421295,0.8065824522099879,0.8226805998834086,3.4534534534534536,model_598,0.8143965795435436
0.7895878877637738,0.8073022636191971,0.8234791075742641,3.4634634634634636,model_598,0.8152329560980981
0.790226659957088,0.8080408237759702,0.8242721407438407,3.4734734734734736,model_598,0.816068944983984
0.7910448014572293,0.8088084754639842,0.8250494624658142,3.4834834834834836,model_598,0.8169045845195195
0.7918111121873923,0.8095553422152414,0.8258288759665214,3.4934934934934936,model_598,0.8177398746596597
0.7924584381982795,0.8102927107815704,0.8266283934692262,3.5035035035035036,model_598,0.8185748151501502
0.7931057642091667,0.8110453277781597,0.8274301182850521,3.5135135135135136,model_598,0.8194093988108109
0.7937530902200538,0.8118100257644,0.8282318431008779,3.5235235235235236,model_598,0.8202435963923924
0.794400416230941,0.8125716748165313,0.8290335679167038,3.5335335335335336,model_598,0.821077407065065
0.7951193697697314,0.8133242065248052,0.8298352927325298,3.5435435435435436,model_598,0.8219108713993993
0.795801436024915,0.8140704001314055,0.8306370175483556,3.5535535535535536,model_598,0.8227439896876877
0.7964509822576492,0.814831306861066,0.8314387423641815,3.5635635635635636,model_598,0.8235767616396397
0.7971005284903834,0.8155728634169818,0.8322404671800073,3.5735735735735736,model_598,0.824409177894895
0.7977500747231177,0.8163274526901187,0.8330289960629063,3.5835835835835836,model_598,0.8252412103693694
0.7983996209558518,0.8170917668544975,0.8337836124068851,3.5935935935935936,model_598,0.8260728615245245
0.7990491671885861,0.817826008418412,0.8345127565346951,3.6036036036036037,model_598,0.8269041683513514
0.7997291872294812,0.8186153352820345,0.8353187001385141,3.6136136136136137,model_598,0.8277351322142142
0.8004387264946455,0.8193652218222752,0.8360736674504764,3.6236236236236237,model_598,0.8285657536696697
0.8011351593825993,0.8201003990558038,0.8368764897583576,3.6336336336336337,model_598,0.8293960183573573
0.8017968902460938,0.8208520757590975,0.8376793120662388,3.6436436436436437,model_598,0.8302258992782783
0.8024586211095882,0.8216095776020779,0.8384821343741199,3.6536536536536537,model_598,0.8310554076866866
0.8031203519730827,0.8223693117504265,0.8392401569577317,3.6636636636636637,model_598,0.8318845754144144
0.8037820828365771,0.8231187561483518,0.8399899365358298,3.6736736736736737,model_598,0.8327134031961961
0.8044614578498301,0.8238642814484097,0.8407397161139278,3.6836836836836837,model_598,0.8335418919329329
0.8051504286430762,0.8245915814998475,0.8414894956920259,3.6936936936936937,model_598,0.8343700206756757
0.8058393994363222,0.8253647253575883,0.8422596787032339,3.7037037037037037,model_598,0.8351977631481482
0.8065283702295682,0.8261305427064275,0.8430532135630358,3.7137137137137137,model_598,0.8360251468758758
0.8072665521677752,0.8268470314413218,0.8438467484228376,3.7237237237237237,model_598,0.8368521935585586
0.8079063118160603,0.8276182394857434,0.8446355549611628,3.7337337337337337,model_598,0.83767890293994
0.8085952826093064,0.8283689313024468,0.8453792348569912,3.7437437437437437,model_598,0.8385052756486486
0.809326035844459,0.8291105969577349,0.8461923915182997,3.7537537537537538,model_598,0.8393312827807808
0.8100912427717533,0.8298692394756397,0.846981313362877,3.7637637637637638,model_598,0.8401569013033033
0.810852400324054,0.8306253797215488,0.8477632328301149,3.7737737737737738,model_598,0.8409821776616616
0.8115900979691045,0.8313968293666772,0.848545152297353,3.7837837837837838,model_598,0.8418071197297298
0.8122252114566572,0.8321551594370289,0.849327071764591,3.7937937937937938,model_598,0.8426317281311312
0.8128603249442098,0.8329067046108399,0.8501088805102109,3.803803803803804,model_598,0.8434559963993994
0.8134954384317624,0.8336624999112784,0.8508416928960129,3.813813813813814,model_598,0.8442798929909909
0.814130551919315,0.8344267993028076,0.8516455952318832,3.823823823823824,model_598,0.8451034116856857
0.8148449369207995,0.8351697280129904,0.8524494975677537,3.833833833833834,model_598,0.8459265984824825
0.8154937383722544,0.8359271193948974,0.853236669100781,3.843843843843844,model_598,0.8467494542342342
0.8161425398237091,0.8366845107768043,0.854018588568019,3.853853853853854,model_598,0.8475719787087087
0.816791341275164,0.8374442367464643,0.8547808115568873,3.863863863863864,model_598,0.8483941524304305
0.8174619727483282,0.8382105416110919,0.8555355366799253,3.873873873873874,model_598,0.8492159488108108
0.8181760883632884,0.8389640707976188,0.8562902618029633,3.883883883883884,model_598,0.85003739198999
0.8188845108975739,0.839719720157366,0.85703147604266,3.893893893893894,model_598,0.8508585061231231
0.8195734875597855,0.8404743094305029,0.8578020451101551,3.903903903903904,model_598,0.8516792913783784
0.8202799839843017,0.8412235337631943,0.8585850517000106,3.913913913913914,model_598,0.8524997485875876
0.8209864804088177,0.8419742276094534,0.8593419818096926,3.923923923923924,model_598,0.8533198422172172
0.8216857276809812,0.8427380772499139,0.8600989119193744,3.933933933933934,model_598,0.8541395534174174
0.8224367670922713,0.8434926665230509,0.8608833523491163,3.943943943943944,model_598,0.8549589373573574
0.8231059696823658,0.844229425117818,0.8616827293015452,3.953953953953954,model_598,0.8557779954354354
0.8237805138810238,0.8449890736728052,0.862447472556325,3.963963963963964,model_598,0.8565967284684685
0.8244227530422953,0.8457498469847223,0.8631664000690792,3.973973973973974,model_598,0.8574151175705705
0.8250649922035669,0.8464898265095103,0.8639610005724685,3.983983983983984,model_598,0.8582331353283283
0.8257072313648384,0.8472421611322426,0.8647559865994657,3.993993993993994,model_598,0.8590508011171171
0.82634947052611,0.8479782078116986,0.865552239217605,4.004004004004004,model_598,0.8598681436596597
0.8270416780720095,0.8487186034313337,0.8663479145830559,4.014014014014014,model_598,0.8606851631561563
0.82765632882686,0.8494383544965207,0.8671394025860255,4.024024024024024,model_598,0.8615018577987988
0.8282761880099245,0.8501792476356298,0.8679340030894148,4.034034034034034,model_598,0.8623181914994995
0.828918427171196,0.8509328006800636,0.8687286035928041,4.044044044044044,model_598,0.8631341501781782
0.8295606663324676,0.8517028373092619,0.8695232040961933,4.054054054054054,model_598,0.8639497882162163
0.8302918378102696,0.8524360327445564,0.8703178045995826,4.064064064064064,model_598,0.8647651056136136
0.8309912314557332,0.8532125359414171,0.8711521357473558,4.074074074074074,model_598,0.8655801023703704
0.8316139709076708,0.853950882939015,0.8719887922495142,4.084084084084084,model_598,0.8663947535735735
0.8322595788247098,0.8547243770811843,0.8727582192592306,4.094094094094094,model_598,0.8672090357057057
0.8329063571898638,0.8554891769853622,0.8735665752489695,4.104104104104104,model_598,0.8680229802702703
0.8335531355550179,0.8562416160989544,0.8743609388347858,4.114114114114114,model_598,0.8688366066096096
0.834199913920172,0.8569926724271699,0.8751321224277303,4.124124124124124,model_598,0.8696499149019019
0.8348797164740841,0.8577134634703869,0.8759230426714429,4.134134134134134,model_598,0.870462892981982
0.8355856131972939,0.8584427943181867,0.8767265055016809,4.1441441441441444,model_598,0.8712755098648648
0.8362203435643217,0.8591840754235154,0.8774873696993684,4.1541541541541545,model_598,0.872087771986987
0.8368550739313496,0.8599694523946897,0.8782830450648191,4.1641641641641645,model_598,0.8728997183093093
0.8374898042983775,0.8607508562768245,0.8790787204302701,4.1741741741741745,model_598,0.8737113495855856
0.8381245346654054,0.8614830617821854,0.8798834236482435,4.1841841841841845,model_598,0.874522663975976
0.8387592850259775,0.8622371187480167,0.8807038430424792,4.1941941941941945,model_598,0.8753336228208208
0.8394068750847902,0.863001171929451,0.881524262436715,4.2042042042042045,model_598,0.876144213951952
0.8400418610468112,0.8637852087724409,0.8823412792223637,4.2142142142142145,model_598,0.8769544914564565
0.8406768470088322,0.8645251269880749,0.8831375786069443,4.2242242242242245,model_598,0.8777644557567568
0.8413710993308218,0.8652975632483987,0.883933877991525,4.2342342342342345,model_598,0.8785741074324325
0.8420601340084638,0.8660595911813179,0.8847301773761056,4.2442442442442445,model_598,0.8793834146516517
0.8426787535333361,0.8667911854620911,0.8855264767606863,4.2542542542542545,model_598,0.8801923574944945
0.8432973730582083,0.8675968003049174,0.8863227761452669,4.2642642642642645,model_598,0.8810009770540541
0.8439715157968801,0.8683714311532903,0.8871030842703618,4.2742742742742745,model_598,0.881809285992993
0.8446729328523084,0.8691474096896454,0.8878648855405445,4.2842842842842845,model_598,0.8826172843113114
0.8453743499077366,0.8699135212979174,0.8886502767264153,4.2942942942942945,model_598,0.8834249475315316
0.8460467022063922,0.8706886844533288,0.8894267300599451,4.3043043043043046,model_598,0.8842322516256257
0.846709194677339,0.8714585977090447,0.8902360151117438,4.314314314314315,model_598,0.8850392244194194
0.8474007570800409,0.8721773854707067,0.8910138509120333,4.324324324324325,model_598,0.885845888027027
0.8481800181294497,0.8729464190043326,0.8918095262774842,4.334334334334335,model_598,0.886652243884885
0.8488814351848779,0.8737177178323097,0.8926052016429351,4.344344344344345,model_598,0.8874582735805806
0.8496043772825487,0.8744780767293281,0.893400877008386,4.354354354354355,model_598,0.8882639472192192
0.8503310009326277,0.8752521421558621,0.8942002989950538,4.364364364364365,model_598,0.8890692831391391
0.8509856863511627,0.875986938859824,0.8949862145937486,4.374374374374375,model_598,0.8898743128838839
0.8516871034065909,0.8767363009059334,0.8957704831827465,4.384384384384385,model_598,0.8906790370180181
0.8523588060428777,0.8775070477207416,0.8965547517717446,4.394394394394395,model_598,0.8914834410400401
0.8531566841444554,0.8782921425665975,0.8973539603600865,4.404404404404405,model_598,0.8922874927317317
0.8538972063614099,0.8790500030451327,0.8981769479789234,4.414414414414415,model_598,0.8930912033783784
0.8545512958469381,0.879805577867197,0.8989999355977603,4.424424424424425,model_598,0.8938946098588589
0.8551764619330541,0.8805786060768451,0.8998229232165972,4.434434434434435,model_598,0.8946977127327328
0.8557992013849915,0.8813352030636157,0.9006459108354341,4.444444444444445,model_598,0.8955005004444444
0.8564837618219503,0.8821126475583452,0.901449698814358,4.454454454454455,model_598,0.8963029384524525
0.8571005290679743,0.8828763065529418,0.902249075766787,4.464464464464465,model_598,0.8971050338558559
0.8577172963139981,0.8836008749645909,0.903048286685226,4.474474474474475,model_598,0.8979068271021021
0.858380332082,0.8843311751349235,0.9038416799721667,4.484484484484485,model_598,0.8987083191941941
0.8590696801666162,0.8850933432350079,0.9046350732591075,4.494494494494495,model_598,0.8995094994494495
0.8597446648891023,0.8858487607587423,0.9054284665460484,4.504504504504505,model_598,0.9003103315315315
0.8603806709882074,0.8866228239764069,0.9062218598329891,4.514514514514515,model_598,0.9011108221731733
0.8610166770873126,0.8873696765525672,0.9070264154009033,4.524524524524525,model_598,0.9019110132162163
0.861700507326914,0.8881412776612527,0.9078228595289446,4.534534534534535,model_598,0.9027109051141141
0.8623687054380357,0.8889236739889603,0.9086191589135252,4.544544544544545,model_598,0.9035104865995996
0.8630112884540309,0.88967989081633,0.9094154582981059,4.554554554554555,model_598,0.9043097215745747
0.863653871470026,0.8904343889368962,0.9102117576826865,4.564564564564565,model_598,0.9051086180390391
0.8643008130103725,0.8911977521228116,0.9110080570672672,4.574574574574575,model_598,0.905907216908909
0.8649495690848029,0.891952340556703,0.9118043564518479,4.584584584584585,model_598,0.9067055186426427
0.8655983251592334,0.89271539914132,0.9126006558364285,4.594594594594595,model_598,0.9075035090810811
0.8662470812336638,0.8934481264876181,0.9133969552210092,4.604604604604605,model_598,0.9083011547467468
0.8668938080440376,0.8942304350790607,0.9141891370748033,4.614614614614615,model_598,0.9090984676036036
0.8675307211448195,0.8949827247173435,0.9149710565420414,4.624624624624625,model_598,0.9098954847927928
0.8681676342456016,0.8957521658938841,0.9157529760092794,4.634634634634635,model_598,0.9106922073933934
0.8688045473463836,0.8964954956809852,0.9165359725632194,4.644644644644645,model_598,0.9114886158978979
0.8694414604471655,0.8972753842171213,0.9173671763962155,4.654654654654655,model_598,0.9122846798168168
0.8701860235900118,0.898033212711266,0.9182082927977785,4.664664664664665,model_598,0.9130804184834835
0.87086667457977,0.8988101682614383,0.9190359917677952,4.674674674674675,model_598,0.9138758645655656
0.8714942306556929,0.8995534619522997,0.9198353687202241,4.684684684684685,model_598,0.9146710180630631
0.8721206649307826,0.9003378812108384,0.920634745672653,4.694694694694695,model_598,0.9154658526856857
0.8727630648254774,0.9010627782388938,0.9214341226250821,4.704704704704705,model_598,0.9162603437867868
0.8734639263512372,0.901850033422627,0.9222542445063668,4.714714714714715,model_598,0.917054518900901
0.8741647878769969,0.9026379536536622,0.9230800837422457,4.724724724724725,model_598,0.9178484033773774
0.8748280698983113,0.9033788064347738,0.9239032895123898,4.734734734734735,model_598,0.9186419973283283
0.8754642879619369,0.9041474153371649,0.9246881161156258,4.744744744744745,model_598,0.919435266009009
0.8761362488693677,0.9049446373618917,0.9254754562280643,4.754754754754755,model_598,0.9202281928858859
0.876852560684642,0.9056943193242948,0.9262714339505242,4.764764764764765,model_598,0.921020814943944
0.8774789949597318,0.9064538624816378,0.9270977881845796,4.774774774774775,model_598,0.921813147900901
0.8781054292348215,0.9071921969746871,0.9279241424186349,4.784784784784785,model_598,0.9226051922812812
0.8787526068114804,0.9079497625348749,0.9287504966526902,4.794794794794795,model_598,0.9233969034934935
0.8794066962970085,0.9087244552646778,0.9295716972556908,4.804804804804805,model_598,0.9241882737837838
0.8801729842476304,0.909507274303527,0.930400849056641,4.814814814814815,model_598,0.9249793518148148
0.880903749589186,0.9102339478363972,0.931188747084652,4.824824824824825,model_598,0.9257701432362362
0.8815296677607514,0.9109942772024071,0.931976645112663,4.834834834834835,model_598,0.9265606408678678
0.8822552810834376,0.9117710565095474,0.932764543140674,4.844844844844845,model_598,0.9273508014964965
0.8829121915569355,0.9125510272707509,0.9335933760791786,4.854854854854855,model_598,0.9281406315865866
0.8835440220868745,0.9132982880791606,0.9344260319725806,4.864864864864865,model_598,0.9289301766216216
0.8841883925885929,0.9140710993918679,0.9352254089250096,4.874874874874875,model_598,0.9297194365735736
0.88489977548123,0.9148422020334565,0.9360247858774385,4.884884884884885,model_598,0.930508390951952
0.8855270169492021,0.9155924455529039,0.9368241628298675,4.894894894894895,model_598,0.9312970093543543
0.8861615117542092,0.9163467315136582,0.9376235397822964,4.904904904904905,model_598,0.9320853129879879
0.886804652680071,0.9171020246414653,0.9384229167347253,4.914914914914915,model_598,0.9328733340380381
0.8874477936059327,0.9178777615477626,0.9392222936871544,4.924924924924925,model_598,0.9336610725405406
0.8881792657506555,0.9186426628867521,0.9400216706395833,4.934934934934935,model_598,0.9344484914514515
0.8888034717424519,0.9193881669175974,0.9408210475920122,4.944944944944945,model_598,0.9352355759019019
0.8894252440850309,0.9201391957264,0.9416204245444413,4.954954954954955,model_598,0.9360223635945946
0.8900808725782916,0.9209220166205451,0.9424198014968702,4.964964964964965,model_598,0.9368088702212213
0.8907667088698825,0.9217053602971655,0.9432191784492991,4.974974974974975,model_598,0.9375950937997998
0.8913721413818803,0.9224770598999129,0.9440185554017281,4.984984984984985,model_598,0.9383809844504504
0.8920366990968984,0.9232380381852662,0.944817932354157,4.994994994994995,model_598,0.9391665452892893
0.8927105478268658,0.9240261604025444,0.945617309306586,5.005005005005005,model_598,0.9399518265705706
0.8933578738377529,0.92478701869657,0.946416686259015,5.015015015015015,model_598,0.9407368287957959
0.89400519984864,0.9255485817466104,0.9472160632114439,5.025025025025025,model_598,0.9415215308538539
0.8946525258595273,0.9263234191580512,0.948015440163873,5.035035035035035,model_598,0.9423059017077077
0.8952994747566918,0.927082151942997,0.9488148171163019,5.045045045045045,model_598,0.9430899636576576
0.8959385617516515,0.927833822183828,0.9496141940687308,5.055055055055055,model_598,0.943873748062062
0.8965776487466113,0.9286038310527062,0.9504135710211598,5.065065065065065,model_598,0.9446572554074074
0.8972167357415711,0.9293738399215843,0.9512129479735887,5.075075075075075,model_598,0.945440443075075
0.8978558227365309,0.9301438487904625,0.9520123249260177,5.085085085085085,model_598,0.9462233015495495
0.8984951579120757,0.9309138576593406,0.9528117018784467,5.095095095095095,model_598,0.9470058736556557
0.8991339967264503,0.9316859996610174,0.9536110788308756,5.105105105105105,model_598,0.9477881707027027
0.8997730837214101,0.9324655773916475,0.9544104557833046,5.115115115115115,model_598,0.9485701809459459
0.9004121707163698,0.9332262882254637,0.9552098327357336,5.125125125125125,model_598,0.9493518623313313
0.9010512577113295,0.9339820933727179,0.9560092096881625,5.135135135135135,model_598,0.9501332286486487
0.9016960697659223,0.9347272901410952,0.9567549311809407,5.145145145145145,model_598,0.9509143214194195
0.902358562236869,0.9355077954774663,0.9574876946631085,5.155155155155155,model_598,0.9516951406436437
0.9030210547078159,0.9362689085909082,0.9582204581452762,5.165165165165165,model_598,0.9524756496486486
0.9036835471787626,0.9370413364045962,0.9590048393892432,5.175175175175175,model_598,0.9532558325955957
0.9043084912850069,0.9378080383075038,0.959804216341672,5.185185185185185,model_598,0.9540357261111111
0.9049278671040858,0.9385713597728181,0.960603593294101,5.195195195195195,model_598,0.9548153480840841
0.9055907596933263,0.939354845648713,0.96140297024653,5.205205205205205,model_598,0.9555946907067068
0.9063162691051532,0.9401272506054285,0.9622015220336595,5.215215215215215,model_598,0.9563737065995996
0.9069654650018741,0.9408630107429632,0.9629660806022553,5.225225225225225,model_598,0.9571524073603603
0.9076086059277358,0.9416284373358252,0.9637306391708512,5.235235235235235,model_598,0.9579308381041041
0.908246768495723,0.9423590889428484,0.9644951977394471,5.245245245245245,model_598,0.9587089993093093
0.9088723332582365,0.9431030375157603,0.965280229362753,5.255255255255255,model_598,0.9594868536636637
0.90949789802075,0.9438527611143211,0.9661025114514646,5.265265265265265,model_598,0.9602643852392392
0.9101234627832634,0.9446284980206184,0.9669247935401762,5.275275275275275,model_598,0.9610416302482482
0.9107490275457769,0.9454058120484607,0.967747075628888,5.285285285285285,model_598,0.9618186072492492
0.9113745923082904,0.9461626053098601,0.9685274922944671,5.295295295295295,model_598,0.9625953061251251
0.912000157070804,0.9469255634928511,0.969350370547011,5.305305305305305,model_598,0.9633716802892893
0.9126257218333174,0.947641982290059,0.9701732487995547,5.315315315315315,model_598,0.9641477451081082
0.9132512865958309,0.9484217029016131,0.9709954936756775,5.325325325325325,model_598,0.9649235433943943
0.9138768513583444,0.9491665463619651,0.9717948706281065,5.335335335335335,model_598,0.9656990756816817
0.9145024161208579,0.9499444139683718,0.9725942475805354,5.345345345345345,model_598,0.9664742991411411
0.9151279808833714,0.9507267851131765,0.9733936245329644,5.355355355355355,model_598,0.9672492037557557
0.915753545645885,0.9514981814830904,0.9741930014853933,5.365365365365365,model_598,0.9680238293413413
0.9163893455903634,0.9522634632616325,0.9749923784378223,5.375375375375375,model_598,0.9687981899339339
0.9170322761955725,0.9530482398269868,0.9757917553902513,5.385385385385385,model_598,0.9695722676876877
0.9176754171214343,0.9537827142637743,0.9765911323426802,5.395395395395395,model_598,0.9703460247237237
0.918318558047296,0.9545256982266068,0.9773986307168768,5.405405405405405,model_598,0.9711194837027026
0.9189616989731577,0.9553036824627474,0.97820701037218,5.415415415415415,model_598,0.9718926790740741
0.9196048398990195,0.956078886523098,0.9789935727880177,5.425425425425425,model_598,0.972665611002002
0.9202479808248812,0.9568404752942617,0.9797886401523961,5.435435435435435,model_598,0.9734382255075075
0.920908445675096,0.9576217798468016,0.980588017104825,5.445445445445445,model_598,0.9742105269289288
0.9215701765385904,0.9583688026615128,0.981387394057254,5.455455455455455,model_598,0.9749825627197197
0.922206252189983,0.9591213468226623,0.982186771009683,5.465465465465465,model_598,0.9757543364414415
0.9228936382655794,0.9599106334790457,0.9829861479621119,5.475475475475475,model_598,0.9765258158808808
0.9235553691290739,0.9606589772366707,0.9837855249145409,5.485485485485485,model_598,0.9772969801651652
0.9242170999925683,0.9614303822086931,0.9845638720352173,5.495495495495495,model_598,0.9780678607567568
0.9249734109260027,0.9624623522852472,0.988671791293718,5.505505505505505,model_598,0.9788384814774774
0.9256165518518644,0.9640132673740535,1.1724511225537604,5.515515515515515,model_598,0.9796088304444445
0.9265011392550369,0.9652415404703355,1.1865690705389291,5.525525525525525,model_598,0.9803788614834835
0.9275875122569217,0.9664762231636386,1.1974899066693205,5.535535535535535,model_598,0.981148593988989
0.9285011804800622,0.9677561194179937,1.2014649584480726,5.545545545545545,model_598,0.9819180675305306
0.9291653169765423,0.9690197672563147,1.2030179706153055,5.555555555555555,model_598,0.9826872825555556
0.9299887302376185,0.9703268290245237,1.2057403779555553,5.565565565565565,model_598,0.9834561856346345
0.9308857188263431,0.9716234340174852,1.2091397266387098,5.575575575575575,model_598,0.9842247808398398
0.931710430900835,0.9728598576821998,1.2109051057762985,5.585585585585585,model_598,0.9849931127657657
0.9324091879947323,0.9743274235534882,1.2130882458127799,5.595595595595595,model_598,0.9857611871771772
0.9334332708392199,0.975532182829675,1.2148647517254805,5.605605605605605,model_598,0.9865289698798798
0.9346489384852734,0.9768662337196714,1.2170237782778377,5.615615615615615,model_598,0.9872964418078077
0.9359660908695397,0.9781578228843416,1.2185024487792189,5.625625625625625,model_598,0.9880636366926927
0.9366837742148012,0.9793363624526636,1.2202624767561023,5.635635635635635,model_598,0.9888305766306306
0.9376527130696669,0.980729855423948,1.221511295618186,5.645645645645645,model_598,0.9895972428648648
0.938567982596106,0.9823111596198018,1.2234665161096279,5.655655655655655,model_598,0.9903635956376375
0.9392700321586438,0.9836948103906928,1.2261360107663979,5.665665665665665,model_598,0.9911296599379379
0.9402873983703801,0.9852530612705139,1.2277808822483107,5.675675675675675,model_598,0.9918954702972973
0.9411021022359494,0.9870292430693702,1.229390473888212,5.6856856856856854,model_598,0.9926610248758758
0.9419578332374078,0.9886999819706331,1.231182075306299,5.6956956956956954,model_598,0.9934262627047047
0.9428963603825151,0.9910393956954602,1.2325113282735605,5.7057057057057055,model_598,0.994191201003003
0.9440380492097147,0.993737504933969,1.2336377999151427,5.7157157157157155,model_598,0.9949558873683684
0.9450520957679741,0.9958742776671616,1.235362906179203,5.7257257257257255,model_598,0.9957203216586586
0.9459189654683654,0.9996615813172096,1.2366163408223676,5.7357357357357355,model_598,0.9964844518228227
0.9470275041334908,1.0061949604354012,1.237592673895498,5.7457457457457455,model_598,0.9972482795225225
0.9478182904119643,1.1518601413480243,1.2384137792675372,5.7557557557557555,model_598,0.9980118467647647
0.9486891276629781,1.165621181581416,1.2392772204410598,5.7657657657657655,model_598,0.9987751636576576
0.9501903985491027,1.1713679246473652,1.24096080499394,5.7757757757757755,model_598,0.9995381917767767
0.951121694801025,1.1760063897038817,1.2422445649550116,5.7857857857857855,model_598,1.115438052127119
0.9522131453073783,1.1796801884638803,1.2435874765152128,5.7957957957957955,model_598,1.2000633686936937
0.9530007944683574,1.1828357749601104,1.2446718113881077,5.8058058058058055,model_598,1.200825573058058
0.9539422706630767,1.1857505901820198,1.245401514769467,5.8158158158158155,model_598,1.2015875027547547
0.9549655908504275,1.18808206260185,1.2462148142427338,5.8258258258258255,model_598,1.2023491254654652
0.9557454274741666,1.1902873397558278,1.2475602874377467,5.8358358358358355,model_598,1.2031104712272271
0.9573465016032365,1.1926713225398997,1.248410039793687,5.8458458458458455,model_598,1.2038715684924925
0.958623698162012,1.194815969545237,1.2495897723071057,5.8558558558558556,model_598,1.2046324037927927
0.9598515791401567,1.1966216676413082,1.2503920153081765,5.865865865865866,model_598,1.205392930009009
0.9606260194519859,1.198382682923904,1.2513711385888215,5.875875875875876,model_598,1.2061531728498498
0.9619890076104418,1.200117721110393,1.2521420606692413,5.885885885885886,model_598,1.2069131691981982
0.9631618265146524,1.201798387024088,1.2529738698153665,5.895895895895896,model_598,1.207672914926927
0.9643980604878716,1.2036704620972976,1.2536954879383968,5.905905905905906,model_598,1.2084323486806805
0.9661381225131199,1.205227370077622,1.2544445729079037,5.915915915915916,model_598,1.20919149303003
0.9677332021080695,1.207305748950042,1.255604555708013,5.925925925925926,model_598,1.2099503924814816
0.9694759539456035,1.2087087732407582,1.256563935360345,5.935935935935936,model_598,1.2107090474444444
0.9737041445503196,1.2102287740746887,1.258665892187118,5.945945945945946,model_598,1.211467394891892
0.9766813829272193,1.2114597707787962,1.2594142282258844,5.955955955955956,model_598,1.2122254506026025
0.9815238065290133,1.2130763650446172,1.2602407374171696,5.965965965965966,model_598,1.212983258986987
0.997545290959027,1.214433432708823,1.2613144644962249,5.975975975975976,model_598,1.213740824078078
1.0153495495155307,1.215742564654514,1.26200489700132,5.985985985985986,model_598,1.2144980904164164
1.1713563180304787,1.2171186747875287,1.2628299364662618,5.995995995995996,model_598,1.2152550632532533
1.174155677809324,1.2181067891403843,1.263548681096951,6.006006006006006,model_598,1.2160117853753754
1.1748751792528045,1.2188158491779701,1.2642674257276396,6.016016016016016,model_598,1.216768266015015
1.1755999723355952,1.219520403449529,1.2649861703583283,6.026026026026026,model_598,1.2175244551561561
1.1763247654183857,1.220219305253041,1.2657049149890174,6.036036036036036,model_598,1.2182803504324322
1.1770495585011767,1.220918207056553,1.266423659619706,6.046046046046046,model_598,1.2190359915095095
1.1777743515839671,1.2216138405111918,1.267141145922654,6.056056056056056,model_598,1.2197913923153152
1.1784991446667579,1.2223079374132044,1.2678493298996831,6.066066066066066,model_598,1.220546508147147
1.1792239377495486,1.2230149124670888,1.2685535165264918,6.076076076076076,model_598,1.2213013294014012
1.179948730832339,1.2237138142706008,1.2692396405916357,6.086086086086086,model_598,1.2220558952632632
1.18067352391513,1.2244254060077993,1.2699257646567799,6.096096096096096,model_598,1.2228102214294294
1.1813983169979205,1.2251560165821858,1.270611888721924,6.106106106106106,model_598,1.2235642680360361
1.1821231100807112,1.2258866271565723,1.2712980127870679,6.116116116116116,model_598,1.2243180198198198
1.182847903163502,1.2266172377309588,1.271984136852212,6.126126126126126,model_598,1.2250715142702702
1.1835726962462925,1.2273478483053453,1.272670260917356,6.136136136136136,model_598,1.2258247712462462
1.184335468843839,1.2280574417013141,1.2733746836277278,6.146146146146146,model_598,1.2265777526416417
1.1850333391380352,1.2287673526468108,1.2740805668457733,6.156156156156156,model_598,1.2273304387477477
1.1857312094322314,1.2294682281089995,1.2747864500638186,6.166166166166166,model_598,1.2280828674164164
1.1864290797264274,1.230184229547243,1.275492333281864,6.176176176176176,model_598,1.228835059996997
1.1871269500206236,1.2308943617100307,1.2761982164999095,6.186186186186186,model_598,1.2295869796066066
1.1878248203148196,1.2316275695664134,1.2769040997179548,6.196196196196196,model_598,1.2303386048648648
1.1885226906090158,1.232334303666536,1.2776099829360004,6.206206206206206,model_598,1.2310899725325326
1.189220560903212,1.2330384821196743,1.2783158661540457,6.216216216216216,model_598,1.2318411053513514
1.189918431197408,1.233743213894412,1.2790217493720912,6.226226226226226,model_598,1.232591966966967
1.1906163014916042,1.2344618395828875,1.2797276325901366,6.236236236236236,model_598,1.2333425356196195
1.1913161449310392,1.235180465271363,1.280433515808182,6.246246246246246,model_598,1.2340928472912913
1.192149402142386,1.235898240461567,1.2811393990262274,6.256256256256256,model_598,1.2348429253693693
1.1929826593537325,1.2366223724190153,1.2818452822442727,6.266266266266266,model_598,1.2355927327587588
1.193719799405362,1.2373363423367891,1.2825511654623183,6.276276276276276,model_598,1.2363422484444444
1.1944445924881526,1.2380549680252644,1.2832570486803636,6.286286286286286,model_598,1.23709151001001
1.195169385570943,1.2387679442145711,1.2839629318984092,6.296296296296296,model_598,1.2378405384814815
1.195894178653734,1.2394552340170892,1.2846688151164545,6.306306306306306,model_598,1.238589295018018
1.1966189717365245,1.2401593617254338,1.2853746983345,6.316316316316316,model_598,1.239337762019019
1.1973437648193155,1.2408814145765417,1.286071341996152,6.326326326326326,model_598,1.2400859772422421
1.198068557902106,1.2416034674276497,1.2867517569616418,6.336336336336336,model_598,1.240833961003003
1.1987933509848965,1.2423234700552894,1.2874321719271318,6.346346346346346,model_598,1.2415816707807807
1.1995181440676874,1.2430421869382116,1.2881125868926215,6.356356356356356,model_598,1.2423290934034035
1.200347259561371,1.243745950119234,1.2887930018581115,6.366366366366366,model_598,1.243076267933934
1.201092329561443,1.2444680291451928,1.2894818337665193,6.376376376376376,model_598,1.2438232117307306
1.20180348699148,1.2451715434538766,1.2901893582531163,6.386386386386386,model_598,1.244569878083083
1.2025146444215167,1.2458906381645618,1.2908968827397134,6.396396396396396,model_598,1.2453162606576575
1.2032069363950866,1.2465955281811985,1.2916044072263104,6.406406406406406,model_598,1.2460623988758757
1.2038888219059414,1.2472982366764385,1.2923189588020825,6.416416416416417,model_598,1.246808307995996
1.2045916956472222,1.2480034232232642,1.2930349814960178,6.426426426426427,model_598,1.247553934960961
1.2053490487450478,1.2487090947885597,1.2937510041899534,6.436436436436437,model_598,1.2482992811981983
1.206070431571701,1.2494129462824826,1.2944670268838887,6.446446446446447,model_598,1.249044387116116
1.206781589001738,1.2501204379191508,1.295183049577824,6.456456456456457,model_598,1.2497892662252252
1.207559360600553,1.2508151412495447,1.2958990722717596,6.466466466466467,model_598,1.2505338568038038
1.2082753832944884,1.2515144876478785,1.296615094965695,6.476476476476477,model_598,1.2512781713683685
1.2089914059884237,1.2522171961431188,1.2973311176596303,6.486486486486487,model_598,1.252022251
1.209675231746446,1.2529199046383588,1.2980471403535658,6.496496496496497,model_598,1.2527661048288288
1.2103900403095476,1.2536487957456286,1.2987631630475012,6.506506506506507,model_598,1.2535096629369369
1.211114833392338,1.2543500540364028,1.2994791857414365,6.516516516516517,model_598,1.254252949936937
1.211839626475129,1.2550351001548972,1.300195208435372,6.526526526526527,model_598,1.2549960072942943
1.2125644195579195,1.2557256750270684,1.3009041291314993,6.536536536536537,model_598,1.2557388385475474
1.2132875421520362,1.256445449301046,1.3016100123495447,6.546546546546547,model_598,1.256481368063063
1.2140035648459717,1.2571652235750235,1.3023158955675902,6.556556556556557,model_598,1.2572236326076076
1.2147171887862431,1.257882825137402,1.3030217787856355,6.566566566566567,model_598,1.2579656733603604
1.2154218369141803,1.2585820200360671,1.303727662003681,6.576576576576577,model_598,1.2587074781711711
1.2161264850421174,1.259272125614987,1.3044335452217264,6.586586586586587,model_598,1.2594489864874876
1.2168311331700543,1.2599710544242313,1.3051394284397717,6.596596596596597,model_598,1.2601902374404403
1.2175357812979914,1.2606848313852728,1.3058453116578173,6.606606606606607,model_598,1.2609312652882882
1.2182430373161202,1.2614087601958062,1.3065511948758626,6.616616616616617,model_598,1.2616720471931933
1.2189849227295,1.2621183637574982,1.3072570780939081,6.626626626626627,model_598,1.2624125391131131
1.2197268081428798,1.2628408625768004,1.3079629613119534,6.636636636636637,model_598,1.263152780831832
1.2204477690913904,1.2635474409495895,1.308668844529999,6.646646646646647,model_598,1.263892801108108
1.2211637917853257,1.2642536191544484,1.3093747277480443,6.656656656656657,model_598,1.2646325633303304
1.221879814479261,1.2649470658750777,1.3100806109660899,6.666666666666667,model_598,1.2653720423333334
1.2225958371731966,1.2656455761677188,1.3107864941841352,6.676676676676677,model_598,1.2661112794974976
1.223311859867132,1.2663592070703686,1.3114923774021807,6.686686686686687,model_598,1.2668502965545547
1.2240278825610673,1.2670696932925285,1.312198260620226,6.696696696696697,model_598,1.2675890422762763
1.2247439052550029,1.2677667145063316,1.3129041438382714,6.706706706706707,model_598,1.2683275135375376
1.2254599279489382,1.268481002522209,1.313610027056317,6.716716716716717,model_598,1.2690657508258258
1.2261759506428735,1.269196866588462,1.3143159102743622,6.726726726726727,model_598,1.2698037693483484
1.226891973336809,1.2699030447933213,1.3150217934924078,6.736736736736737,model_598,1.2705415020670672
1.2276079960307444,1.2706073015370094,1.315727676710453,6.746746746746747,model_598,1.2712789694484485
1.2283240187246798,1.2713076560668608,1.3164335599284986,6.756756756756757,model_598,1.2720162115405407
1.2290400414186153,1.2720158443789666,1.317139443146544,6.766766766766767,model_598,1.2727532331661662
1.2297560641125507,1.2727250154458107,1.3178453263645895,6.776776776776777,model_598,1.2734899567717717
1.230472086806486,1.2734339358176168,1.3185512095826348,6.786786786786787,model_598,1.2742264257927927
1.2311881095004213,1.2741429644839293,1.3192570928006804,6.796796796796797,model_598,1.2749626777017016
1.231904132194357,1.2748477452792817,1.3199629760187257,6.806806806806807,model_598,1.2756986924364364
1.2326201548882922,1.2755540237573417,1.320668859236771,6.816816816816817,model_598,1.2764344190960961
1.2333361775822278,1.2762701243703811,1.3213694150129687,6.826826826826827,model_598,1.2771699002652652
1.2340522002761631,1.2769837113747666,1.3220530203331746,6.836836836836837,model_598,1.2779051663693692
1.2347682229700985,1.277696929869567,1.3227366256533806,6.846846846846847,model_598,1.2786401762792792
1.2354842456640338,1.278412839903502,1.3234202309735865,6.856856856856857,model_598,1.279374909952953
1.2362002683579694,1.2791243017352185,1.324103836293793,6.866866866866867,model_598,1.280109408961962
1.2369162910519047,1.2798285352905552,1.3247874416139989,6.876876876876877,model_598,1.280843693228228
1.2376323137458403,1.2805327688458918,1.3254710469342048,6.886886886886887,model_598,1.2815777024614614
1.2383483364397756,1.2812370024012285,1.3261546522544108,6.896896896896897,model_598,1.282311447023023
1.239064359133711,1.2819412359565652,1.3268382575746167,6.906906906906907,model_598,1.2830449675735736
1.2397803818276463,1.2826611659123461,1.327521862894823,6.916916916916917,model_598,1.2837782746976976
1.2404964045215818,1.2833650587114558,1.328205468215029,6.926926926926927,model_598,1.284511285964965
1.2412124272155172,1.284062717960834,1.328889073535235,6.936936936936937,model_598,1.2852440457297298
1.2419284499094525,1.2847729951687195,1.329572678855441,6.946946946946947,model_598,1.2859765928428428
1.242644472603388,1.2854888003480032,1.330256284175647,6.956956956956957,model_598,1.2867089062712713
1.2433604952973234,1.2862015127104671,1.3309557613627059,6.966966966966967,model_598,1.2874409344114115
1.2440765179912587,1.286896036940078,1.3316812700574414,6.976976976976977,model_598,1.288172723133133
1.2447925406851943,1.287600415926302,1.332406778752177,6.986986986986987,model_598,1.2889043011311312
1.2455085633791296,1.2883110535761986,1.3331322874469123,6.996996996996997,model_598,1.289635621828829
1.246224586073065,1.289019893325529,1.3338577961416478,7.007007007007007,model_598,1.290366671978979
1.2469346742609329,1.2897218044517527,1.3345833048363833,7.017017017017017,model_598,1.2910974952932932
1.2476165597717874,1.290434812992706,1.3353088135311189,7.027027027027027,model_598,1.2918281084864864
1.248298445282642,1.2911575253294454,1.3360343222258544,7.037037037037037,model_598,1.2925584394814815
1.2489803307934966,1.2918600425346738,1.336727826402712,7.047047047047047,model_598,1.2932885163423424
1.2497171922320154,1.2925594721202165,1.3374200445782354,7.057057057057057,model_598,1.294018377858859
1.2505207222366774,1.293261493742143,1.3381122627537585,7.067067067067067,model_598,1.294748017942943
1.251236744930613,1.293960145039,1.3388044809292818,7.077077077077077,model_598,1.295477370004004
1.2519527676245483,1.2946577608768448,1.3394966991048052,7.087087087087087,model_598,1.2962064821441441
1.2526687903184837,1.2953571904623877,1.3401889172803283,7.097097097097097,model_598,1.2969353862852855
1.2533848130124192,1.296068820935719,1.3408850228738174,7.107107107107107,model_598,1.2976640425015016
1.2541008357063546,1.2967781489858174,1.3416075067580788,7.117117117117117,model_598,1.2983924277837837
1.25481685840029,1.297504810097388,1.34232999064234,7.127127127127127,model_598,1.2991205865585587
1.2555328810942255,1.2982269886886366,1.3430488395913438,7.137137137137137,model_598,1.2998485379189189
1.2562489037881608,1.2989565283020095,1.3437625163827898,7.147147147147147,model_598,1.3005762125375375
1.2569649264820961,1.299669535732154,1.344476193174236,7.157157157157157,model_598,1.3013036347947948
1.2576809491760317,1.3003752072974495,1.3451898699656821,7.167167167167167,model_598,1.3020308435075076
1.258396971869967,1.301080878862745,1.3459035467571283,7.177177177177177,model_598,1.3027578350420421
1.2591129945639024,1.3017927339959536,1.3466172235485745,7.187187187187187,model_598,1.303484539012012
1.259829017257838,1.302508486296544,1.3473309003400207,7.197197197197197,model_598,1.304211007085085
1.2605450399517732,1.3032259728310538,1.3480445771314669,7.207207207207207,model_598,1.3049372704684685
1.2612610626457086,1.3039310667767232,1.3487422629535422,7.217217217217217,model_598,1.3056632854184185
1.2619770853396441,1.3046329527122362,1.3494366987407984,7.227227227227227,model_598,1.3063890333923924
1.2626931080335795,1.305346543127608,1.3501311345280547,7.237237237237237,model_598,1.3071145601501502
1.2634091307275148,1.3060604530566062,1.350825570315311,7.247247247247247,model_598,1.3078398827767768
1.2641251534214504,1.3067748502380945,1.3515200061025672,7.257257257257257,model_598,1.3085649240680681
1.2648411761153857,1.3074837261930217,1.3522144418898239,7.267267267267267,model_598,1.3092897201441442
1.265557198809321,1.3081857540874209,1.3529088776770801,7.277277277277277,model_598,1.310014308878879
1.2662732215032566,1.3088932807866602,1.3536033134643364,7.287287287287287,model_598,1.3107386733473474
1.266989244197192,1.3095973447778073,1.3542977492515926,7.297297297297297,model_598,1.3114627579189189
1.2677052668911273,1.310296357845526,1.3549921850388493,7.307307307307307,model_598,1.312186615046046
1.2684212895850628,1.311002286745677,1.3556866208261056,7.317317317317317,model_598,1.312910270039039
1.2691373122789982,1.311716916917709,1.3563810566133618,7.327327327327327,model_598,1.3136336662072072
1.2698533349729335,1.31240934069542,1.3570839945493003,7.337337337337337,model_598,1.3143568055625625
1.270569357666869,1.3131053740755894,1.3577975001067426,7.347347347347347,model_598,1.3150797316886886
1.2712853803608044,1.31381347593756,1.35852066982874,7.357357357357357,model_598,1.3158024552072072
1.2720014030547397,1.3145292495934473,1.3592199580341706,7.367367367367367,model_598,1.3165248876476476
1.2727174257486753,1.3152244926639478,1.3599105252244723,7.377377377377377,model_598,1.3172470874474476
1.2734334484426106,1.315928237859856,1.360601092414774,7.387387387387387,model_598,1.3179690875855856
1.274149471136546,1.3166339538059226,1.3612916596050757,7.397397397397397,model_598,1.3186908476396397
1.2748654938304815,1.3173398963537426,1.3619822267953776,7.407407407407407,model_598,1.3194123413333332
1.2755815165244169,1.3180480846658484,1.362672953702838,7.4174174174174174,model_598,1.3201336178918919
1.2762975392183522,1.3187562729779543,1.363381442639032,7.4274274274274275,model_598,1.3208546960540541
1.2770135619122878,1.3194490940146246,1.3641030607620626,7.4374374374374375,model_598,1.3215754954954955
1.277729584606223,1.3201499531303258,1.364824678885093,7.4474474474474475,model_598,1.3222960553513514
1.2784456073001584,1.3208682494823223,1.3655462970081236,7.4574574574574575,model_598,1.323016412943944
1.2791616299940938,1.3215725931012026,1.3662679151311539,7.4674674674674675,model_598,1.3237365462592592
1.2798776526880293,1.3222796813744555,1.3669895332541844,7.4774774774774775,model_598,1.3244564057297297
1.2805936753819647,1.3229894861118636,1.3677111513772149,7.4874874874874875,model_598,1.325176045013013
1.2813096980759002,1.3237035961498613,1.3684327695002454,7.4974974974974975,model_598,1.3258954876516515
1.2820257207698356,1.324417706187859,1.369154387623276,7.5075075075075075,model_598,1.3266146648288288
1.282741743463771,1.3251299677869073,1.3698760057463064,7.5175175175175175,model_598,1.327333597031031
1.2834577661577062,1.3258381560990131,1.370597623869337,7.5275275275275275,model_598,1.3280523251191192
1.2841737888516418,1.326546344411119,1.3713192419923674,7.5375375375375375,model_598,1.3287708397267268
1.2848898115455771,1.3272545327232248,1.372040860115398,7.5475475475475475,model_598,1.3294890752702702
1.2856058342395127,1.3279878981336797,1.3727624782384285,7.5575575575575575,model_598,1.33020709006006
1.286320373368697,1.3286940653571293,1.373484096361459,7.5675675675675675,model_598,1.3309249102162162
1.2870237376666351,1.3293922796121813,1.3742057144844895,7.5775775775775776,model_598,1.3316424730900902
1.2877271019645735,1.330090493867233,1.3749273326075198,7.5875875875875876,model_598,1.3323597887597598
1.2884304662625117,1.3307954742837542,1.3756489507305503,7.597597597597598,model_598,1.333076898864865
1.2891338305604498,1.33150366259586,1.3763647083352848,7.607607607607608,model_598,1.3337938036896897
1.2898371948583882,1.3322037484754707,1.3770643740907693,7.617617617617618,model_598,1.3345104262072072
1.2905405591563264,1.3329173745658904,1.377764039846254,7.627627627627628,model_598,1.3352268293063063
1.2912439234542645,1.3336351560261108,1.3784637056017386,7.637637637637638,model_598,1.3359430392572573
1.291947287752203,1.3343529374863312,1.3791633713572233,7.647647647647648,model_598,1.336658996934935
1.292650652050141,1.335065064753647,1.3798630371127079,7.657657657657658,model_598,1.3373747062792793
1.2933540163480794,1.3357703540218102,1.3805627028681926,7.667667667667668,model_598,1.3380902109459458
1.2940573806460176,1.336469268155223,1.3812623686236771,7.677677677677678,model_598,1.3388055145485485
1.2947607449439558,1.3371754785731818,1.3819623067759763,7.687687687687688,model_598,1.3395205355615616
1.2954641092418941,1.3378857257299976,1.3826770930783971,7.697697697697698,model_598,1.3402353384854855
1.2961674735398323,1.3385959728868135,1.3833895260344284,7.707707707707708,model_598,1.340949950027027
1.2968708378377705,1.3393062200436294,1.3840791387309217,7.717717717717718,model_598,1.34166431075976
1.2975742021357088,1.340025811492954,1.384768751427415,7.727727727727728,model_598,1.3423784245935935
1.298277566433647,1.3407492091837905,1.3854603631565852,7.737737737737738,model_598,1.3430923374094093
1.2989809307315854,1.341472606874627,1.3861600289120697,7.747747747747748,model_598,1.3438060476756757
1.2996842950295235,1.3421960045654635,1.3868596946675544,7.757757757757758,model_598,1.344519477055055
1.3003876593274617,1.3429014880829355,1.3875670739827783,7.767767767767768,model_598,1.3452326923823825
1.3010910236254,1.3436158625371906,1.3882825007046498,7.777777777777778,model_598,1.3459457177777778
1.3017943879233382,1.3443135966563267,1.3889979274265212,7.787787787787788,model_598,1.3466584904904906
1.3024977522212766,1.3450309454682083,1.3897133541483924,7.797797797797798,model_598,1.347371019954955
1.3032011165192148,1.3457273393627163,1.3904287808702636,7.807807807807808,model_598,1.3480833514264263
1.303904480817153,1.3464345455831233,1.391144207592135,7.817817817817818,model_598,1.3487954767607606
1.304607845115091,1.347160683907621,1.3918596343140064,7.827827827827828,model_598,1.3495073264844846
1.3053112094130295,1.3478633721476039,1.3925750610358776,7.837837837837838,model_598,1.3502189657027026
1.3060145737109676,1.3485735568395003,1.393290487757749,7.847847847847848,model_598,1.3509304167617617
1.306717938008906,1.3492919328213357,1.3940059144796202,7.857857857857858,model_598,1.3516416095095096
1.3074213023068442,1.3500103088031712,1.3947213412014916,7.867867867867868,model_598,1.3523525656156155
1.3081246666047823,1.3507286847850069,1.3954367679233628,7.877877877877878,model_598,1.3530633277827828
1.3088409578382592,1.3514470607668423,1.3961521946452342,7.887887887887888,model_598,1.353773876971972
1.3095695896713055,1.3521654367486777,1.3968676213671054,7.897897897897898,model_598,1.3544841575435436
1.3102649426655197,1.3528855665246318,1.3975830480889768,7.907907907907908,model_598,1.3551942316776775
1.310960295659734,1.3536143529781202,1.398298474810848,7.917917917917918,model_598,1.3559041210230232
1.3116556486539483,1.3543205646941843,1.3990139015327194,7.927927927927928,model_598,1.3566137403783782
1.3123510016481625,1.3550311519205933,1.3997277796578582,7.937937937937938,model_598,1.3573231346216217
1.31304821669035,1.3557314662314592,1.4004336628759038,7.947947947947948,model_598,1.3580323397307308
1.3137515809882883,1.3564486380614484,1.401139546093949,7.957957957957958,model_598,1.3587413198858858
1.3144549452862266,1.3571761919547263,1.4018454293119946,7.967967967967968,model_598,1.3594500422602602
1.3151968789256885,1.357887053642535,1.40255131253004,7.977977977977978,model_598,1.360158564134134
1.3160130871197768,1.358588979598097,1.4032571957480855,7.987987987987988,model_598,1.3608669032372371
1.3168292953138654,1.3592808967108247,1.4039630789661308,7.997997997997998,model_598,1.3615749576016016
1.317645503507954,1.359972813823552,1.4046689621841764,8.008008008008009,model_598,1.3622828006446448
1.3183857557745888,1.360664985303357,1.4053748454022217,8.018018018018019,model_598,1.3629904597207207
1.3191199710004604,1.361377101573697,1.4060807286202672,8.028028028028029,model_598,1.3636978784314315
1.3198541862263318,1.3620929779484223,1.4067866118383126,8.038038038038039,model_598,1.364405053886887
1.3205884014522034,1.3628250813597003,1.407492495056358,8.048048048048049,model_598,1.3651120355405406
1.321322616678075,1.363557184770978,1.4081983782744034,8.058058058058059,model_598,1.3658188195195196
1.3220568319039463,1.3642582567508112,1.4089042614924487,8.068068068068069,model_598,1.3665253286766768
1.3227687493136024,1.3649478011833172,1.4096101447104943,8.078078078078079,model_598,1.367231634915916
1.323472982868939,1.3656625841669243,1.4103160279285398,8.088088088088089,model_598,1.3679377597927929
1.3241772164242758,1.3663773671505315,1.4110219111465852,8.098098098098099,model_598,1.3686436247557558
1.3248814499796124,1.3670948574976354,1.4117277943646305,8.108108108108109,model_598,1.369349263864865
1.325585683534949,1.367820995822133,1.412433677582676,8.118118118118119,model_598,1.3700547163373376
1.3262899170902855,1.3685471341466307,1.4131395608007213,8.128128128128129,model_598,1.3707599502472474
1.3269941506456222,1.3692482690042949,1.4138454440187669,8.138138138138139,model_598,1.3714649274054054
1.3276983842009589,1.3699512820685669,1.4145513272368122,8.148148148148149,model_598,1.3721697094814815
1.328425321654406,1.3706611635199315,1.4152686715921854,8.158158158158159,model_598,1.3728743121991993
1.3291068513116322,1.371367871210637,1.4159919547255972,8.168168168168169,model_598,1.3735786301891892
1.3298110848669689,1.372088147223948,1.416715237859009,8.178178178178179,model_598,1.3742827442432433
1.3305153184223055,1.372797078407999,1.417438520992421,8.188188188188189,model_598,1.3749866787557559
1.331219551977642,1.3735082565820893,1.4181618041258328,8.198198198198199,model_598,1.3756903691441442
1.3319237855329786,1.374213011965272,1.4188850872592444,8.208208208208209,model_598,1.3763938256406405
1.3326280190883153,1.3749206202456423,1.4196083703926563,8.218218218218219,model_598,1.3770970947717718
1.333332252643652,1.37563415076397,1.4203229277875808,8.228228228228229,model_598,1.3778001583933934
1.3340364861989886,1.376348475298372,1.421018463765545,8.238238238238239,model_598,1.3785029586916917
1.3348739195678179,1.3770612118006256,1.4217139997435093,8.248248248248249,model_598,1.3792055644494496
1.3356861542441185,1.3777747423189535,1.4224095357214734,8.258258258258259,model_598,1.3799079928528528
1.3363781017353062,1.3784882728372811,1.4231050716994376,8.268268268268269,model_598,1.3806101471631633
1.3370700492264942,1.3792018033556088,1.423800607677402,8.278278278278279,model_598,1.3813120938068069
1.337761996717682,1.3799153338739367,1.424496143655366,8.288288288288289,model_598,1.3820138610180182
1.3384539442088697,1.3806288643922644,1.4251916796333304,8.298298298298299,model_598,1.3827153927867868
1.3391458917000574,1.3813423949105923,1.4259026088068298,8.308308308308309,model_598,1.383416687031031
1.339837839191245,1.38205592542892,1.4266216295204468,8.318318318318319,model_598,1.3841177957147148
1.3405805227869427,1.3827694559472479,1.4273406502340638,8.328328328328329,model_598,1.384818705728729
1.3414381726661504,1.3834829864655755,1.428059670947681,8.338338338338339,model_598,1.3855193497987988
1.34217162706041,1.3841965169839034,1.4287756917555974,8.348348348348349,model_598,1.3862198013003002
1.3428876497543454,1.3849100475022311,1.4294794364151049,8.358358358358359,model_598,1.3869200782872873
1.3436036724482807,1.385617951178285,1.4301831810746122,8.368368368368369,model_598,1.387620083852853
1.3443196951422163,1.3863230256573367,1.4308869257341197,8.378378378378379,model_598,1.3883198834594594
1.3450357178361516,1.3870217119658563,1.431590670393627,8.388388388388389,model_598,1.3890195062702702
1.345751740530087,1.3877272338553588,1.4322944150531345,8.398398398398399,model_598,1.3897188934244245
1.3464668369999087,1.3884460027953942,1.432998159712642,8.408408408408409,model_598,1.3904180473783783
1.347171070555245,1.3891513757890148,1.4337019043721493,8.418418418418419,model_598,1.391117018015015
1.3478998086118932,1.3898786787729969,1.4344056490316568,8.428428428428429,model_598,1.3918157881751752
1.3486158313058287,1.3905724954514909,1.4351093936911643,8.438438438438439,model_598,1.3925142972312312
1.349331853999764,1.391264635505663,1.4358131383506716,8.448448448448449,model_598,1.3932126175395396
1.3500478766936994,1.391995672342301,1.436516883010179,8.458458458458459,model_598,1.3939107661931933
1.350763899387635,1.3927005431326425,1.4372206276696864,8.468468468468469,model_598,1.3946086376486486
1.3514799220815703,1.3934034032342257,1.4379378772957088,8.478478478478479,model_598,1.3953063108618617
1.3521949379566824,1.394119554480061,1.4386567631926117,8.488488488488489,model_598,1.3960038113543543
1.3528985682099663,1.3948456928045587,1.4393756490895147,8.498498498498499,model_598,1.3967010691171171
1.3536021984632503,1.3955577049899004,1.440094534986418,8.508508508508509,model_598,1.3973981028508509
1.3543058287165342,1.3962740118901626,1.440813420883321,8.518518518518519,model_598,1.3980949581851854
1.355009458969818,1.3969939724914664,1.441532306780224,8.528528528528529,model_598,1.3987916029459462
1.355713089223102,1.39771393309277,1.4422511926771273,8.538538538538539,model_598,1.399487997825826
1.3564167194763859,1.3984248622066109,1.4429700785740303,8.548548548548549,model_598,1.400184209003003
1.3571203497296698,1.3991301409218966,1.4436889644709332,8.558558558558559,model_598,1.4008802437027028
1.3578239799829535,1.3998427998502085,1.4444078503678361,8.568568568568569,model_598,1.4015760007957958
1.3585276102362374,1.4005456667346607,1.4451267362647395,8.578578578578579,model_598,1.4022715705325326
1.3592312404895213,1.4012553062901214,1.4458447453044752,8.588588588588589,model_598,1.40296697178979
1.3599348707428052,1.4019710437479793,1.4465522697910722,8.598598598598599,model_598,1.4036621135655658
1.360638500996089,1.4026867812058375,1.4472597942776693,8.608608608608609,model_598,1.40435704793994
1.361342131249373,1.4033959253704742,1.4479673187642663,8.618618618618619,model_598,1.4050518091921924
1.3620457615026569,1.404097241877039,1.4486748432508636,8.62862862862863,model_598,1.4057463432942943
1.3627493917559406,1.4048101644532265,1.4493794148657362,8.63863863863864,model_598,1.4064406443793793
1.3634530220092245,1.4055230870294142,1.4500720777647036,8.64864864864865,model_598,1.4071347692162162
1.3641566522625084,1.4062575226054563,1.450764740663671,8.65865865865866,model_598,1.4078286964134135
1.3648602825157923,1.4069594063596589,1.4514574035626384,8.66866866866867,model_598,1.4085223657267267
1.3655639127690762,1.407661854757977,1.4521500664616056,8.67867867867868,model_598,1.4092158552942944
1.36626754302236,1.408370057964871,1.4528234010156402,8.68868868868869,model_598,1.4099091776606607
1.366971173275644,1.4090742364180093,1.453450635428179,8.6986986986987,model_598,1.4106022178698698
1.367674803528928,1.4097784148711476,1.4541505442992082,8.70870870870871,model_598,1.4112950734354355
1.3683784337822118,1.410482593324286,1.454850453170237,8.71871871871872,model_598,1.4119877634104103
1.3690820640354957,1.4111867717774242,1.4555503620412662,8.72872872872873,model_598,1.412680199894895
1.3697856942887794,1.4118909502305623,1.456250270912295,8.73873873873874,model_598,1.4133724283963964
1.3704893245420633,1.4125951286837006,1.456950179783324,8.74874874874875,model_598,1.4140644872452452
1.3711929547953472,1.413299307136839,1.457650088654353,8.75875875875876,model_598,1.4147563212042042
1.371896585048631,1.4140034855899772,1.458349997525382,8.76876876876877,model_598,1.4154479243273275
1.372600215301915,1.4147076640431155,1.459049906396411,8.77877877877878,model_598,1.4161393549299301
1.373303845555199,1.4154118424962538,1.45974981526744,8.78878878878879,model_598,1.416830587806807
1.3740074758084828,1.416116020949392,1.4604497652179613,8.7987987987988,model_598,1.4175215672462462
1.3747142631571727,1.4168201994025302,1.4611657879118967,8.80880880880881,model_598,1.4182123707297296
1.3754360723241335,1.4175243778556685,1.461881810605832,8.81881881881882,model_598,1.4189030037117116
1.3761564001338116,1.4182285563088068,1.4625978332997676,8.82882882882883,model_598,1.4195933602882884
1.3768739218395383,1.418932734761945,1.463313855993703,8.83883883883884,model_598,1.4202835385375374
1.3775938080669934,1.4196369132150832,1.4640298786876382,8.84884884884885,model_598,1.4209735534604606
1.3783136942944485,1.4203410916682215,1.4647459013815738,8.85885885885886,model_598,1.4216633067237239
1.3790335805219036,1.4210468994361187,1.4654619240755091,8.86886886886887,model_598,1.4223528643713714
1.3797534667493587,1.4217537120151598,1.4661779467694445,8.87887887887888,model_598,1.42304225707007
1.3804733529768138,1.4224674004874973,1.4668939694633798,8.88888888888889,model_598,1.4237314136666668
1.381193239204269,1.4231807362846907,1.4676099921573154,8.8988988988989,model_598,1.4244203532492492
1.3819131254317243,1.42388049365306,1.4683260148512507,8.90890890890891,model_598,1.425109124840841
1.3826330116591794,1.4245977402899188,1.4690420375451863,8.91891891891892,model_598,1.425797685945946
1.3833528978866345,1.425300330374222,1.4697580602391216,8.92892892892893,model_598,1.4264860091891893
1.3840727841140896,1.4260158673991155,1.470474082933057,8.93893893893894,model_598,1.427174161675676
1.3847926703415447,1.4267064851740872,1.4711901056269923,8.94894894894895,model_598,1.4278621285705708
1.3855125565689999,1.427408100627132,1.4719061283209278,8.95895895895896,model_598,1.4285498363133133
1.3862170678061017,1.4281106907114351,1.4726221510148632,8.96896896896897,model_598,1.4292373724894893
1.3869162453629018,1.4288132807957383,1.4733381737087987,8.97897897897898,model_598,1.4299247456516517
1.387615422919702,1.4295158708800417,1.474054196402734,8.98898898898899,model_598,1.4306118404284283
1.3883146004765021,1.4302184609643451,1.4747702190966694,8.998998998999,model_598,1.4312987615095094
1.3890137780333023,1.4309281032728758,1.4754862417906047,9.00900900900901,model_598,1.4319855222702704
1.3897129555901027,1.4316372560465793,1.4762022644845403,9.01901901901902,model_598,1.4326720235015016
1.3904121331469026,1.4323422365343659,1.4769182871784756,9.02902902902903,model_598,1.4333583336476476
1.391111310703703,1.4330506356146986,1.4776343098724112,9.03903903903904,model_598,1.4340444822192193
1.3918104882605031,1.4337590346950315,1.4783503325663465,9.04904904904905,model_598,1.4347303927457458
1.3925096658173033,1.4344751932343853,1.4790663552602819,9.05905905905906,model_598,1.435416093016016
1.3932088433741034,1.4351895862137711,1.4797823779542172,9.06906906906907,model_598,1.4361016313123123
1.3939080209309036,1.4358998333705868,1.4804984006481527,9.07907907907908,model_598,1.4367869523723724
1.3946071984877038,1.4366100805274027,1.481214423342088,9.08908908908909,model_598,1.4374720454414414
1.395306376044504,1.4373147682963392,1.4819284941209265,9.0990990990991,model_598,1.4381569746576577
1.396005553601304,1.4380209986138852,1.4826360186075236,9.10910910910911,model_598,1.4388417073903903
1.3967267148093017,1.4387201163599856,1.4833435430941206,9.11911911911912,model_598,1.439526195039039
1.3974610693748402,1.4394249896458786,1.4840510675807177,9.12912912912913,model_598,1.4402105162642642
1.3981954239403787,1.4401340179249256,1.4847502355951798,9.13913913913914,model_598,1.4408946627227228
1.398929778505917,1.4408409527676087,1.4854481131685107,9.14914914914915,model_598,1.441578545911912
1.3996641330714554,1.441545892742633,1.4861459907418415,9.15915915915916,model_598,1.442262261972973
1.400398487636994,1.4422517473421281,1.4868631930458514,9.16916916916917,model_598,1.4429458216366366
1.4010943489403034,1.4429479324356076,1.4875818187343268,9.17917917917918,model_598,1.4436291029049049
1.401786296431491,1.4436394254227776,1.4882962145003003,9.18918918918919,model_598,1.444312215891892
1.4025188805318738,1.4443512427104443,1.4890037389868973,9.1991991991992,model_598,1.4449951724844845
1.4032318599810536,1.445074111323956,1.4897048722005717,9.20920920920921,model_598,1.4456778696216215
1.4039192328418317,1.4457894966663918,1.4904138606772581,9.21921921921922,model_598,1.446360382117117
1.40460660570261,1.4464964315090751,1.4911056624998338,9.22922922922923,model_598,1.4470427384854854
1.4052939785633884,1.44721676708112,1.4918030111726914,9.23923923923924,model_598,1.4477248518488488
1.4059813514241668,1.4479103011944416,1.4925189459426798,9.24924924924925,model_598,1.4484067655825825
1.4066687242849452,1.4486226951991645,1.4932348807126679,9.25925925925926,model_598,1.449088522814815
1.4073560971457235,1.4493326130247768,1.493950815482656,9.26926926926927,model_598,1.4497700544404404
1.408054061123694,1.4500432150669762,1.494666750252644,9.27927927927928,model_598,1.4504513713063063
1.4087713893730553,1.450760612623018,1.4953826850226322,9.28928928928929,model_598,1.4511325304814815
1.4094682012356938,1.4514709541352857,1.4960986197926205,9.2992992992993,model_598,1.4518134805545544
1.4101583560656845,1.4521909498023757,1.4968145545626086,9.30930930930931,model_598,1.4524942023063063
1.4108485108956754,1.452897387052964,1.4975235113739458,9.31931931931932,model_598,1.4531747663583583
1.411538665725666,1.4536182516436602,1.4982284882303674,9.32932932932933,model_598,1.453855137057057
1.412228820555657,1.4543319025643024,1.498933465086789,9.33933933933934,model_598,1.4545352656006005
1.4129189753856477,1.4550433121709963,1.4996384419432105,9.34934934934935,model_598,1.4552152346676677
1.4136303232093779,1.4557489384430782,1.5003241307724506,9.35935935935936,model_598,1.4558950270300302
1.4143500974833554,1.4564376758857265,1.501031655259048,9.36936936936937,model_598,1.4565745632702705
1.415069871757333,1.4571362043460128,1.501739179745645,9.37937937937938,model_598,1.4572539402232232
1.4157896460313104,1.457865415094364,1.502446704232242,9.38938938938939,model_598,1.4579331554824826
1.416509420305288,1.458569073824365,1.503154228718839,9.3993993993994,model_598,1.4586121012642643
1.417229194579265,1.4592614015870111,1.5038617532054361,9.40940940940941,model_598,1.4592908871701702
1.4179489688532425,1.45998655960501,1.5045692776920332,9.41941941941942,model_598,1.4599695226556557
1.41866874312722,1.4606852406244697,1.5052768021786302,9.42942942942943,model_598,1.4606478824294293
1.4193885174011975,1.461377966893606,1.5059791951291528,9.43943943943944,model_598,1.4613260804054056
1.420108291675175,1.4620858483661454,1.5066782111594246,9.44944944944945,model_598,1.462004127852853
1.4208280659491526,1.462799378884473,1.5073772271896964,9.45945945945946,model_598,1.4626819124324324
1.42154784022313,1.4635134480605372,1.5080762432199681,9.46946946946947,model_598,1.463359524062062
1.4222676144971071,1.4642264399211287,1.50877525925024,9.47947947947948,model_598,1.4640369854204203
1.4229930301929057,1.4649298070390235,1.5094742752805117,9.48948948948949,model_598,1.4647141959429428
1.423721549254469,1.4656359852438825,1.5101732913107835,9.4994994994995,model_598,1.4653912230990993
1.4244500683160324,1.4663421634487417,1.5108723073410553,9.50950950950951,model_598,1.4660680994254254
1.4251785873775955,1.4670611384298082,1.511571323371327,9.51951951951952,model_598,1.46674473696997
1.4259071064391589,1.467771292424231,1.5122703394015988,9.52952952952953,model_598,1.4674211805815818
1.4266356255007222,1.4684985609071857,1.5129693554318706,9.53953953953954,model_598,1.4680974738308308
1.4273641445622853,1.469221153549423,1.5136656600624616,9.54954954954955,model_598,1.4687735404774775
1.4280926636238485,1.469934684067751,1.5143574618850373,9.55955955955956,model_598,1.4694494024744744
1.4288211826854118,1.470643335444279,1.5150492637076125,9.56956956956957,model_598,1.4701251146546548
1.4295497017469752,1.4713427215599717,1.5157410655301882,9.57957957957958,model_598,1.4708006105675675
1.4302782208085383,1.4720382835993446,1.5164328673527634,9.58958958958959,model_598,1.4714758927957958
1.4310067398701016,1.4727354140563043,1.517124669175339,9.5995995995996,model_598,1.472151024954955
1.4317258933526147,1.4734327735936459,1.5178164709979143,9.60960960960961,model_598,1.4728259512012012
1.432443221601976,1.4741377822739992,1.5185189924845748,9.61961961961962,model_598,1.4735006555635637
1.4331619467759955,1.4748461813543319,1.5192245595099994,9.62962962962963,model_598,1.4741752097037037
1.4338914863893684,1.4755545804346648,1.5199427646204022,9.63963963963964,model_598,1.4748495673873874
1.4346210260027412,1.4763398524560887,1.5206585317648598,9.64964964964965,model_598,1.475523694830831
1.4353505656161138,1.4770503806872979,1.5213575477951315,9.65965965965966,model_598,1.4761976729189188
1.4360801052294867,1.4777462542623458,1.5220565638254033,9.66966966966967,model_598,1.4768714621681682
1.4368096448428596,1.4784421278373938,1.5227651174184405,9.67967967967968,model_598,1.4775450155425425
1.4375391844562324,1.4791380014124416,1.5234763362670676,9.68968968968969,model_598,1.4782184196186188
1.4382687240696053,1.4798338749874895,1.5241860928027018,9.6996996996997,model_598,1.4788916424834835
1.4389982636829781,1.4805297485625375,1.524885270359502,9.70970970970971,model_598,1.479564621812813
1.4397278032963507,1.4812439502129848,1.525584447916302,9.71971971971972,model_598,1.480237452848849
1.4404573429097236,1.4819628361098878,1.5262836254731023,9.72972972972973,model_598,1.4809101103783784
1.4411868825230965,1.482681722006791,1.5269828030299024,9.73973973973974,model_598,1.4815825175895896
1.441916422136469,1.4834006079036939,1.5276819805867026,9.74974974974975,model_598,1.4822547775935937
1.442645961749842,1.4841072751941482,1.528385109964931,9.75975975975976,model_598,1.482926870861862
1.4433755013632148,1.4848119233220853,1.5290749820199387,9.76976976976977,model_598,1.4835987078908908
1.4440932210200526,1.4855288512152496,1.5297628452186383,9.77977977977978,model_598,1.484270398870871
1.4448025441114742,1.486276151491306,1.5304507084173378,9.78978978978979,model_598,1.484941927963964
1.4455118672028964,1.4869950373882093,1.5311437722189365,9.7997997997998,model_598,1.4856131967347348
1.446221190294318,1.4877139232851124,1.5318427882492083,9.80980980980981,model_598,1.4862843197177178
1.4469305133857402,1.4884291013734539,1.53254180427948,9.81981981981982,model_598,1.4869552866486486
1.4476398364771619,1.4891226845762486,1.5332408203097518,9.82982982982983,model_598,1.4876259881561562
1.448349159568584,1.4898349393545054,1.5339398363400236,9.83983983983984,model_598,1.4882965451271273
1.4490576418622758,1.4905267411770808,1.534638852370295,9.84984984984985,model_598,1.488966950948949
1.4497518148994757,1.4912185429996563,1.5353378684005667,9.85985985985986,model_598,1.48963708715015
1.4504459879366758,1.491910540784215,1.5360368844308385,9.86986986986987,model_598,1.4903070791301303
1.4511401609738757,1.492615532607205,1.5367359004611103,9.87987987987988,model_598,1.4909769238858859
1.4518110843347296,1.493306756824711,1.537434916491382,9.88988988988989,model_598,1.4916464967347347
1.4525209240776404,1.4939979810422168,1.5381339325216539,9.8998998998999,model_598,1.4923159267157158
1.4532179082781376,1.4947125211468353,1.5388329485519257,9.90990990990991,model_598,1.4929852114504505
1.4539376825521146,1.4954273337257749,1.5395319645821974,9.91991991991992,model_598,1.4936542219359359
1.4546574568260922,1.4961478016949963,1.5402309806124692,9.92992992992993,model_598,1.494323090924925
1.4553772311000697,1.496856958883654,1.540929996642741,9.93993993993994,model_598,1.4949918176456456
1.4560970053740472,1.4975717714625936,1.5416290126730128,9.94994994994995,model_598,1.4956602677577577
1.4568167796480247,1.4982865840415336,1.5423280287032846,9.95995995995996,model_598,1.4963285767667667
1.4575365539220022,1.4990013966204732,1.5430270447335563,9.96996996996997,model_598,1.4969967454954953
1.4582563281959797,1.4997162091994127,1.5437279561391244,9.97997997997998,model_598,1.497664637218218
1.4589761024699568,1.5004310217783523,1.5444338393571697,9.98998998998999,model_598,1.4983323882492494
1.4596958767439343,1.5011458343572919,1.5451397225752153,10,model_598,1.499
