CI_2.5,median,CI_97.5,position,model_no,true_age
0.49175052525091406,0.5098877734695342,0.5263124251095735,0,model_50,0.5
0.49268050663276974,0.5107831677293527,0.5272305509675089,0.01001001001001001,model_50,0.5010003757537538
0.4936104880146254,0.511678632137412,0.5281272747811098,0.02002002002002002,model_50,0.5020001282622623
0.4945404693964811,0.512577247889212,0.5290346996168779,0.03003003003003003,model_50,0.5029992575285286
0.49547045077833685,0.513500937695577,0.529942124452646,0.04004004004004004,model_50,0.5039977645635636
0.49640385307764967,0.514397078623282,0.5308495492884142,0.050050050050050046,model_50,0.5049956523563564
0.49733451864299677,0.5152971487224169,0.5317569741241823,0.06006006006006006,model_50,0.5059929199279279
0.49830454273524594,0.5162037163593874,0.5326591660788469,0.07007007007007007,model_50,0.5069895702662662
0.49926185848741633,0.5171365389798137,0.5335570354785576,0.08008008008008008,model_50,0.5079856033793794
0.5001693877093633,0.5180398956713713,0.5344549048782684,0.09009009009009009,model_50,0.5089810202792793
0.5010769169313103,0.5189357930655163,0.5353527742779791,0.10010010010010009,model_50,0.5099758229519519
0.5019878464697324,0.5198351633509574,0.5362506436776898,0.11011011011011011,model_50,0.5109700114304304
0.5029185120350795,0.5207443943013446,0.5371485130774006,0.12012012012012012,model_50,0.5119635886756757
0.5038491776004266,0.5216388411273324,0.5380463824771113,0.13013013013013014,model_50,0.5129565537367368
0.5047798431657737,0.5225194652162454,0.538944251876822,0.14014014014014015,model_50,0.5139489095665666
0.5057105087311209,0.5234330544245821,0.5398421212765329,0.15015015015015015,model_50,0.5149406552372372
0.5066411742964679,0.5243372653920217,0.5407399906762436,0.16016016016016016,model_50,0.5159317946646647
0.5075718398618151,0.5252198666320966,0.5416378600759543,0.17017017017017017,model_50,0.516922325927928
0.5085025054271622,0.5261307553490452,0.542535729475665,0.18018018018018017,model_50,0.5179122519999999
0.5094049438538639,0.5270301256344863,0.5434335988753758,0.19019019019019018,model_50,0.5189015738838839
0.51030760644681,0.5279534349011133,0.5443314682750865,0.20020020020020018,model_50,0.5198902925825827
0.5112566225637015,0.5288584041385329,0.5452293376747972,0.21021021021021022,model_50,0.5208784090990991
0.5121839346570094,0.5297380530204429,0.546152929614395,0.22022022022022023,model_50,0.5218659244364364
0.5131020029920406,0.5306276067762508,0.5470449285355036,0.23023023023023023,model_50,0.5228528395975975
0.5140200713270717,0.5315269770616918,0.5479369274566122,0.24024024024024024,model_50,0.5238391556096097
0.5149381396621029,0.5324183681363299,0.5488289263777207,0.2502502502502503,model_50,0.5248248744284284
0.515856207997134,0.5333118940127033,0.5497203080160047,0.2602602602602603,model_50,0.5258099961061061
0.5167800686802703,0.5342195782840142,0.550612924219938,0.2702702702702703,model_50,0.5267945225945946
0.517725151182751,0.5351244582034562,0.5515049231410466,0.2802802802802803,model_50,0.5277784539499499
0.5186702336852318,0.5360157793286724,0.5523969220621552,0.2902902902902903,model_50,0.5287617921781781
0.5196153161877125,0.5369159544682027,0.5532889209832639,0.3003003003003003,model_50,0.5297445391951952
0.5205603986901933,0.5378100996743815,0.5541809199043725,0.3103103103103103,model_50,0.5307266940910911
0.5214923284733132,0.5386980498377655,0.555072918825481,0.3203203203203203,model_50,0.5317082588398399
0.5224068953340661,0.5395968311667707,0.5559649177465896,0.3303303303303303,model_50,0.5326892344444444
0.5233214621948192,0.5404978045706685,0.5568569166676983,0.34034034034034033,model_50,0.5336696219419419
0.5242360290555723,0.5414079078144735,0.5577489155888069,0.35035035035035034,model_50,0.5346494232682683
0.5251744307995051,0.5422620740773939,0.5586409145099155,0.36036036036036034,model_50,0.5356286384594595
0.5261165592179029,0.543170200523833,0.5595329134310241,0.37037037037037035,model_50,0.5366072685555555
0.5270586876363006,0.5440859524251346,0.5604289042276736,0.38038038038038036,model_50,0.5375853154864865
0.5280008160546984,0.5449794319095158,0.5613385444210324,0.39039039039039036,model_50,0.5385627793303303
0.5289100351938738,0.5458705067124883,0.5622481846143912,0.40040040040040037,model_50,0.539539662053053
0.5298183933654852,0.5467823134258839,0.56315782480775,0.41041041041041043,model_50,0.5405159646166167
0.5307214276690286,0.5476960525105729,0.5640674650011088,0.42042042042042044,model_50,0.5414916871051051
0.531635109708708,0.5486130119659914,0.5649607865986648,0.43043043043043044,model_50,0.5424668314814814
0.5325434678803193,0.5495039888731078,0.5658503408774875,0.44044044044044045,model_50,0.5434413987487487
0.5334518260519306,0.5504064384390115,0.5667398951563103,0.45045045045045046,model_50,0.5444153898648649
0.534360184223542,0.5513008519331962,0.5676294494351329,0.46046046046046046,model_50,0.5453888049679679
0.5352685423951533,0.552181289422266,0.5685190037139556,0.47047047047047047,model_50,0.5463616469259259
0.5361769005667647,0.5530936812100828,0.5694085579927783,0.4804804804804805,model_50,0.5473339157387388
0.5370852587383761,0.5540060729978998,0.5702995901296921,0.4904904904904905,model_50,0.5483056115535535
0.5379993573956217,0.5549106044831608,0.571220580151912,0.5005005005005005,model_50,0.5492767372292293
0.5389554093703738,0.5558169753432776,0.5721415701741318,0.5105105105105106,model_50,0.5502472928168168
0.5398883967299408,0.5567357911797041,0.5730287745161943,0.5205205205205206,model_50,0.5512172793193193
0.5408213840895079,0.5576393873421408,0.5739157649621403,0.5305305305305306,model_50,0.5521866977927928
0.541754371449075,0.5585680319369845,0.5748027554080863,0.5405405405405406,model_50,0.5531555501351351
0.542687358808642,0.5594592996355455,0.5756897458540323,0.5505505505505506,model_50,0.5541238363463463
0.5436203461682091,0.5603567265225115,0.5765767362999784,0.5605605605605606,model_50,0.5550915566506506
0.5445476661824058,0.5612791539037936,0.5774637267459244,0.5705705705705706,model_50,0.5560587136906907
0.5454572228495027,0.5621840786809454,0.5783507171918705,0.5805805805805806,model_50,0.5570252895545547
0.5463850008054274,0.5630768533455468,0.5792377076378166,0.5905905905905906,model_50,0.5579913005845846
0.5473129138850813,0.5639642687981455,0.5801100298618322,0.6006006006006006,model_50,0.5589567514954955
0.5482346631193065,0.5648847277607634,0.5809727636174734,0.6106106106106106,model_50,0.5599216423483483
0.549172762134262,0.565771002109204,0.5818623178962962,0.6206206206206206,model_50,0.5608859741461462
0.5500781615877567,0.566652613125896,0.5827518721751188,0.6306306306306306,model_50,0.5618497478288288
0.5509999108219819,0.5675577183104915,0.5836414264539416,0.6406406406406406,model_50,0.5628129635885886
0.551921660056207,0.5684779339522271,0.5845309807327642,0.6506506506506506,model_50,0.5637756242392392
0.5528077132728443,0.5694136903818255,0.5854205350115869,0.6606606606606606,model_50,0.5647377298468468
0.5537034212367694,0.5703169093541977,0.5863100892904096,0.6706706706706707,model_50,0.5656992814144144
0.5546344083580798,0.57120046072275,0.5871996435692323,0.6806806806806807,model_50,0.56666027994494494
0.5555653954793901,0.5721233472989421,0.5881132900960762,0.6906906906906907,model_50,0.5676207264414415
0.5564963826007003,0.5730304321359361,0.5890343962335596,0.7007007007007007,model_50,0.568580621906907
0.5574273697220107,0.5739472045076359,0.5899555023710429,0.7107107107107107,model_50,0.5695399673443443
0.558358356843321,0.5748543237851658,0.5908766085085262,0.7207207207207207,model_50,0.5704987637567568
0.5592893439646314,0.5757531494897103,0.5917977146460096,0.7307307307307307,model_50,0.5714570121471472
0.5601968101844294,0.5766618108885486,0.5927188207834929,0.7407407407407407,model_50,0.5724147134444444
0.5610761714176095,0.5775500140102363,0.5936399269209763,0.7507507507507507,model_50,0.5733718678738738
0.5620324133032807,0.5784451753279047,0.5945610330584596,0.7607607607607607,model_50,0.5743284781401402
0.5629494604960793,0.5793490990779196,0.595482139195943,0.7707707707707707,model_50,0.5752845435485485
0.563847004597278,0.5802540554590483,0.5963929461654518,0.7807807807807807,model_50,0.5762400667957958
0.5647282308253696,0.581155537022664,0.5972897061072426,0.7907907907907907,model_50,0.577195047116116
0.5656242295920684,0.5820587559950362,0.5981318894854533,0.8008008008008007,model_50,0.5781494863553553
0.566549278820004,0.5829619749674084,0.5990527560362577,0.8108108108108109,model_50,0.5791033837027026
0.5674743280479397,0.5838746226816811,0.5999736225870622,0.8208208208208209,model_50,0.5800567296206206
0.5683979416377346,0.5847766158390321,0.6008767458744058,0.8308308308308309,model_50,0.5810095219249249
0.5693072724299464,0.5856762063832881,0.6017735058161966,0.8408408408408409,model_50,0.5819617771561562
0.5702531355503463,0.5865837000599071,0.6026702657579873,0.8508508508508509,model_50,0.5829134953993994
0.5711977514439786,0.5874857157723102,0.6035670256997782,0.8608608608608609,model_50,0.5838646777437437
0.5720984766166486,0.588390278909034,0.6044637856415689,0.8708708708708709,model_50,0.5848153259339339
0.5730340271454427,0.5892977368552688,0.6053605455833597,0.8808808808808809,model_50,0.5857654393193193
0.5739496726434896,0.5901838609005027,0.6062573055251506,0.8908908908908909,model_50,0.5867150205525525
0.5748747218714253,0.5910909457187581,0.6071540654669413,0.9009009009009009,model_50,0.587664068990991
0.5758134603085301,0.5919941646911303,0.6080508254087321,0.9109109109109109,model_50,0.5886125872792793
0.576756488952187,0.5928901991633098,0.608947585350523,0.9209209209209209,model_50,0.5895605747827828
0.5776995175958439,0.5938092594479367,0.6098443452923137,0.9309309309309309,model_50,0.5905080341381381
0.5786425462395008,0.5947060640556187,0.6107411052341045,0.9409409409409409,model_50,0.5914549645305306
0.5795855748831577,0.595611079579646,0.6116378651758952,0.950950950950951,model_50,0.5924013671531532
0.5805286035268146,0.5965220877447097,0.6125346251176861,0.960960960960961,model_50,0.5933472446306307
0.5814716321704715,0.5974166057436281,0.6134313850594768,0.970970970970971,model_50,0.5942925961541542
0.5824146608141284,0.5983174163866178,0.6143281450012676,0.980980980980981,model_50,0.5952374228248248
0.5833576894577852,0.5992147019829561,0.6152249049430585,0.990990990990991,model_50,0.5961817264504505
0.5842948385717456,0.60012313544248,0.6161216648848493,1.001001001001001,model_50,0.5971255056296296
0.5851916130672253,0.6010248904071068,0.61701842482664,1.011011011011011,model_50,0.5980687475335336
0.5860868890551854,0.6019496636778603,0.6179151847684309,1.021021021021021,model_50,0.5990114521981982
0.5869752667682927,0.6028426752309353,0.6188119447102216,1.031031031031031,model_50,0.599953636028028
0.5878636444814002,0.6037372143242145,0.6197240294705806,1.0410410410410411,model_50,0.6008953009249249
0.5887520221945075,0.6046528625912,0.6206484481610273,1.0510510510510511,model_50,0.6018364477867868
0.5896754855446245,0.6055740529782557,0.62154823665021,1.0610610610610611,model_50,0.6027770768258258
0.5905722600401042,0.6064950159022372,0.6224357270014774,1.0710710710710711,model_50,0.6037171898338338
0.5914690345355841,0.6073909586731164,0.6233135161888659,1.0810810810810811,model_50,0.604656787027027
0.5923658090310638,0.6082815084155319,0.6241925043609664,1.0910910910910911,model_50,0.6055958700840841
0.5932625835265437,0.6091686198640599,0.6250892643027572,1.1011011011011012,model_50,0.6065344384424424
0.5941545475552998,0.6100687316019762,0.625986024244548,1.1111111111111112,model_50,0.6074724947777778
0.5950429252684072,0.6109732340702279,0.6268827841863388,1.1211211211211212,model_50,0.6084100390900901
0.5959313029815146,0.6118723115619469,0.627781459852089,1.1311311311311312,model_50,0.6093470717187187
0.596819680694622,0.6127618379738106,0.6287029531473006,1.1411411411411412,model_50,0.6102835952162162
0.5977080584077294,0.6136795823775916,0.6296244464425123,1.1511511511511512,model_50,0.6112196088098099
0.5985964361208368,0.6145973267813725,0.6305269306473174,1.1611611611611612,model_50,0.6121551123413413
0.5995068194944174,0.6155150711851535,0.6314248000470282,1.1711711711711712,model_50,0.6130900959639639
0.6003984977141933,0.6164002488797378,0.6323226694467389,1.1811811811811812,model_50,0.6140245487087087
0.6012787878069988,0.6173064569270438,0.6332205388464496,1.1911911911911912,model_50,0.61495849479779785
0.6021991858069062,0.6182092538162411,0.6341184082461603,1.2012012012012012,model_50,0.6158919367597597
0.6031017982305554,0.6191137562844928,0.6350162776458711,1.2112112112112112,model_50,0.6168248739549549
0.603990768160126,0.6200182587527445,0.6359141470455818,1.2212212212212212,model_50,0.6177573081451452
0.6049088364951571,0.6209398587539412,0.6368120164452925,1.2312312312312312,model_50,0.6186892394534534
0.6058174264632611,0.6218308102672292,0.6377098858450033,1.2412412412412412,model_50,0.619620669007007
0.606714200958741,0.6227442545078622,0.638607755244714,1.2512512512512513,model_50,0.6205515985615615
0.6076109754542207,0.6236362686257512,0.6394940784936227,1.2612612612612613,model_50,0.6214820282432433
0.6085077499497006,0.6245397036429337,0.6403752387957699,1.2712712712712713,model_50,0.6224119590550551
0.6094045244451803,0.625446954370295,0.641256399097917,1.2812812812812813,model_50,0.6233413918718719
0.6103012989406602,0.6263543296155328,0.642137559400064,1.2912912912912913,model_50,0.624270326951952
0.61119807343614,0.6272588346768817,0.6430244631385731,1.3013013013013013,model_50,0.6251987660410411
0.6121201686921666,0.6281806622427865,0.6439212230803639,1.3113113113113113,model_50,0.6261267041561561
0.6130259712266293,0.6291024898086913,0.6448179830221547,1.3213213213213213,model_50,0.627054113093093
0.6139214005605682,0.6300005399631191,0.6457147429639455,1.3313313313313313,model_50,0.6279810255695696
0.6148168298945071,0.6308852984046113,0.6466115029057362,1.3413413413413413,model_50,0.6289074451951951
0.6157122592284461,0.6317700568461034,0.647508262847527,1.3513513513513513,model_50,0.6298333727027027
0.616607688562385,0.6326594848822644,0.6484050227893179,1.3613613613613613,model_50,0.6307588076336337
0.6175218488523854,0.633554165400825,0.6493017827311086,1.3713713713713713,model_50,0.6316837527227227
0.6184364157131385,0.6344551873041738,0.6501985426728994,1.3813813813813813,model_50,0.6326082086966968
0.6193509825738914,0.6353562092075227,0.6510953026146902,1.3913913913913913,model_50,0.6335321749699699
0.6202655494346445,0.6362574018176614,0.6520015508112578,1.4014014014014013,model_50,0.6344556534084085
0.6211832283862645,0.6371761251646817,0.652909727223125,1.4114114114114114,model_50,0.6353786448738739
0.6220946831561507,0.638094848511702,0.6538061668028643,1.4214214214214214,model_50,0.6363011495085085
0.6230092500169038,0.6390135718587223,0.6546985503295499,1.4314314314314314,model_50,0.6372231684584585
0.6239238168776569,0.639919817222083,0.6555909338562356,1.4414414414414414,model_50,0.6381446978198199
0.6248383837384099,0.6408218155225329,0.6564833173829212,1.4514514514514514,model_50,0.6390657087807807
0.625752950599163,0.6417496979989438,0.6573757009096068,1.4614614614614614,model_50,0.639986230076076
0.626667517459916,0.6426647793851687,0.6582693821490165,1.4714714714714714,model_50,0.6409062695555556
0.6275820843206691,0.6435859293734698,0.6591661420908074,1.4814814814814814,model_50,0.6418258279259259
0.6284966511814222,0.6444841449369506,0.6600961672533132,1.4914914914914914,model_50,0.6427449046316316
0.6294112180421753,0.6453928635123662,0.6610265353617385,1.5015015015015014,model_50,0.6436635015285286
0.6303257849029282,0.6463124321875042,0.6619523596371932,1.5115115115115114,model_50,0.6445816196196197
0.6312403517636813,0.6472175641684188,0.6628502290369039,1.5215215215215214,model_50,0.6454992597557557
0.6321549186244344,0.6481299197627993,0.6637480984366146,1.5315315315315314,model_50,0.6464164220900901
0.6330694854851875,0.6490447608138235,0.6646459678363255,1.5415415415415414,model_50,0.6473331076256256
0.6339840523459406,0.6499552187151371,0.6655438372360362,1.5515515515515514,model_50,0.6482493173653654
0.6348986192066937,0.6508625797856187,0.6664417066357469,1.5615615615615615,model_50,0.6491650466906906
0.6358115358274763,0.6517575977966674,0.6673395760354577,1.5715715715715715,model_50,0.6500802696116116
0.6367067361405454,0.6526626121156918,0.6682374454351684,1.5815815815815815,model_50,0.6509950077737738
0.6376350614451444,0.6535612253939724,0.6691353148348791,1.5915915915915915,model_50,0.6519092731501501
0.6385568866497059,0.6544577868662728,0.6700331842345899,1.6016016016016015,model_50,0.6528230667437437
0.639471453510459,0.6553439012370127,0.6709310536343006,1.6116116116116117,model_50,0.6537363893963963
0.6403860203712121,0.656237823357566,0.6718289230340113,1.6216216216216217,model_50,0.6546492412702702
0.6413005872319651,0.6571523110636982,0.6727267924337221,1.6316316316316317,model_50,0.6555616235315316
0.6422151540927182,0.6580572597965633,0.6736246618334328,1.6416416416416417,model_50,0.6564735376936937
0.6431297209534713,0.6589686388565915,0.6745225312331435,1.6516516516516517,model_50,0.6573849832492492
0.6440442878142243,0.6598886460200044,0.6754204006328542,1.6616616616616617,model_50,0.658295962038038
0.6449610484187345,0.660804339131725,0.6763182700325651,1.6716716716716717,model_50,0.6592064713853854
0.6458786745241074,0.6617139240825091,0.6772161394322758,1.6816816816816818,model_50,0.6601164922462462
0.6467963006294803,0.6626154429316451,0.6781140088319865,1.6916916916916918,model_50,0.6610260223603603
0.6477139267348533,0.6635165372211309,0.6790118782316972,1.7017017017017018,model_50,0.661935087885886
0.6486315528402263,0.6644184806299172,0.679909747631408,1.7117117117117118,model_50,0.6628436904864865
0.6495491789455993,0.6653174643283725,0.680810847247223,1.7217217217217218,model_50,0.6637518305065065
0.6504668050509721,0.6662215183281892,0.6817561677442663,1.7317317317317318,model_50,0.6646595094324325
0.6513844311563451,0.6671230371773252,0.6826725820242021,1.7417417417417418,model_50,0.6655667266096097
0.652275389561002,0.6680207996908398,0.6835858146052411,1.7517517517517518,model_50,0.6664734832162162
0.653189956421755,0.6689389729301108,0.6844739132154879,1.7617617617617618,model_50,0.6673797809059059
0.6540740317996452,0.6698324628160917,0.6853620118257348,1.7717717717717718,model_50,0.6682856198558559
0.6549387541821357,0.6707443621329712,0.6862664246833972,1.7817817817817818,model_50,0.6691909942982983
0.6558335745976657,0.6716562614498507,0.6871599109827294,1.7917917917917918,model_50,0.6700958775145145
0.6567283950131957,0.6725591670531856,0.6880647486110678,1.8018018018018018,model_50,0.6710002902072072
0.6576232154287257,0.6734581254979018,0.6890214308759907,1.8118118118118118,model_50,0.6719042478098098
0.6585180358442557,0.674352434182067,0.6899474473063625,1.8218218218218218,model_50,0.6728077498658659
0.6594128562597856,0.6752556639284503,0.6908524225092372,1.8318318318318318,model_50,0.673710798015015
0.6603076766753156,0.6761544331437245,0.6917038083178302,1.8418418418418419,model_50,0.6746133924414414
0.6612024970908457,0.677060025800113,0.6925551941264232,1.8518518518518519,model_50,0.6755155341481481
0.6621081150539349,0.6779851398295361,0.6934065799350161,1.8618618618618619,model_50,0.6764172241381381
0.6629970731449185,0.6788843405118734,0.6942756580267798,1.8718718718718719,model_50,0.6773184632272272
0.6638871041203103,0.6797731111527875,0.6951735274264905,1.8818818818818819,model_50,0.6782192463343343
0.6648098369925033,0.6806830989989521,0.6960713968262012,1.8918918918918919,model_50,0.6791195514864865
0.6656765991684956,0.6815952005930864,0.6969785282738682,1.901901901901902,model_50,0.6800193843893894
0.6665714195840257,0.6824917390779255,0.6978872192169533,1.911911911911912,model_50,0.6809187692062062
0.6674662399995557,0.6834030570665588,0.6987959101600383,1.921921921921922,model_50,0.6818177057027027
0.6683610604150856,0.684314124239436,0.6997046011031234,1.931931931931932,model_50,0.6827161963083083
0.6692558808306156,0.6852054488115412,0.7006132920462084,1.941941941941942,model_50,0.6836142408288288
0.6701463642730765,0.686098887226264,0.7015219829892935,1.951951951951952,model_50,0.684511839042042
0.6710455216616756,0.6870046981781935,0.7024306739323785,1.961961961961962,model_50,0.6854089933683684
0.6719403420772057,0.687922685860023,0.7033393648754636,1.971971971971972,model_50,0.686305704005005
0.6728351624927356,0.68884220781134,0.7042480558185487,1.981981981981982,model_50,0.6872019628378379
0.6737352437097379,0.6897583199407881,0.7051567467616336,1.991991991991992,model_50,0.6880977400700701
0.6746248033237956,0.6906583838106617,0.7060654377047187,2.002002002002002,model_50,0.6889930643943943
0.6755307385923053,0.6915652396713926,0.7069741286478037,2.012012012012012,model_50,0.6898879480390391
0.6764186696261449,0.6924570796635177,0.7078828195908888,2.022022022022022,model_50,0.6907823916026027
0.6773092645703856,0.6933841920906857,0.7087915105339739,2.032032032032032,model_50,0.691676394894895
0.6782040849859157,0.6942879024588483,0.7097106312223376,2.042042042042042,model_50,0.6925699601081081
0.6790989054014456,0.695178782272659,0.7106323619157804,2.052052052052052,model_50,0.6934630866496497
0.6799937258169756,0.6960689965277733,0.7115540926092232,2.062062062062062,model_50,0.6943557757287288
0.6808676449486367,0.6969781440733216,0.712475823302666,2.0720720720720722,model_50,0.6952480235495496
0.6817319005460527,0.69788928905525,0.7133975539961088,2.0820820820820822,model_50,0.6961398075735736
0.6825961561434688,0.698806454299661,0.7143192846895516,2.0920920920920922,model_50,0.6970311281881882
0.6835030330580093,0.6997101646678237,0.7152410153829944,2.1021021021021022,model_50,0.6979220141441441
0.6844212622019427,0.7006147342555145,0.7161627460764373,2.1121121121121122,model_50,0.6988124662332332
0.6853394913458761,0.7015238818010627,0.7170467082269232,2.1221221221221223,model_50,0.6997024848798798
0.6862574687256855,0.702433029346611,0.7179428193713325,2.1321321321321323,model_50,0.7005920716636637
0.6871522891412156,0.7033421768921592,0.7188887746263969,2.1421421421421423,model_50,0.7014812265845846
0.6880479012158897,0.7042635818610578,0.7198347298814612,2.1521521521521523,model_50,0.7023699500730731
0.6889695703533527,0.7051885400487943,0.7207713995436514,2.1621621621621623,model_50,0.7032582380810811
0.6898912394908158,0.7061042434216853,0.7216931302370942,2.1721721721721723,model_50,0.704146068006006
0.6908129086282788,0.707012093052883,0.7226148609305371,2.1821821821821823,model_50,0.7050334402922923
0.6917345777657418,0.7079137363518891,0.7235365916239799,2.1921921921921923,model_50,0.7059203845045046
0.6926562469032048,0.7088240708415661,0.7244583223174227,2.2022022022022023,model_50,0.7068069005205205
0.6935469344717484,0.709726787460283,0.7253555557700286,2.2122122122122123,model_50,0.7076929902432433
0.6944322268306505,0.7106289229678668,0.7262406237734147,2.2222222222222223,model_50,0.7085786527777778
0.6953175191895526,0.7115245048020933,0.7271464790812505,2.2322322322322323,model_50,0.7094638904634635
0.6962028115484548,0.7124171091841641,0.7280706859905803,2.2422422422422423,model_50,0.7103487035245245
0.6970881039073569,0.7133049558626565,0.7289642632204558,2.2522522522522523,model_50,0.7112330823783783
0.6979733962662591,0.7141925861959901,0.7298566467471413,2.2622622622622623,model_50,0.7121169976276277
0.6988586886251611,0.7151008142024948,0.730749030273827,2.2722722722722724,model_50,0.7130004755385385
0.6997439809840633,0.7160168037250041,0.7316414138005126,2.2822822822822824,model_50,0.7138835316066066
0.7006292733429654,0.7169301693419499,0.7325337973271983,2.2922922922922924,model_50,0.714766166061061
0.7015145657018675,0.7178355516351742,0.7334261808538839,2.3023023023023024,model_50,0.7156483796746748
0.7024064459716427,0.7187497053952395,0.7343170932084941,2.3123123123123124,model_50,0.71653017290991
0.703314804143254,0.7196610110929309,0.735210947907255,2.3223223223223224,model_50,0.7174115473083084
0.7042231623148654,0.7205625068111154,0.7361033314339407,2.3323323323323324,model_50,0.7182924986716717
0.7051315204864768,0.7214767932549688,0.7369957149606263,2.3423423423423424,model_50,0.7191730066036036
0.7060398786580881,0.7223927613396359,0.737888098487312,2.3523523523523524,model_50,0.7200530606626626
0.7069482368296994,0.7233119548665286,0.7387804820139976,2.3623623623623624,model_50,0.7209326973593594
0.7078565950013108,0.7242123308159938,0.7396870025988656,2.3723723723723724,model_50,0.7218119184624624
0.7087649531729221,0.7250967033934945,0.7405956935419505,2.3823823823823824,model_50,0.7226907244984986
0.7096733113445335,0.7259923594022533,0.7415043844850356,2.3923923923923924,model_50,0.7235691151821821
0.7105763634044749,0.7269007481966234,0.7424130754281206,2.4024024024024024,model_50,0.7244470922792793
0.7114521903263975,0.7278137481683782,0.743375746510385,2.4124124124124124,model_50,0.7253246548628629
0.7123755836562974,0.7286941456325405,0.7442888476032579,2.4224224224224224,model_50,0.7262017845265265
0.7133067440309789,0.7295816508414525,0.7452136018018337,2.4324324324324325,model_50,0.7270784555675676
0.7142151022025902,0.7304980233926897,0.7460959595218267,2.4424424424424425,model_50,0.7279547155435435
0.7151202726974855,0.7313931080948641,0.7470164527067547,2.4524524524524525,model_50,0.7288305641871872
0.7159980776818271,0.7322872533010429,0.7479464082591636,2.4624624624624625,model_50,0.7297060027657658
0.7168758826661689,0.7332053073581095,0.7488692644477033,2.4724724724724725,model_50,0.7305810312652652
0.7177536876505105,0.7341152474115474,0.7497586651378251,2.4824824824824825,model_50,0.73145565194995
0.7186314926348523,0.7350192547758789,0.7506712985789146,2.4924924924924925,model_50,0.7323298625765766
0.7195172990372682,0.735944340541651,0.7515999267270572,2.5025025025025025,model_50,0.7332036436076076
0.7204061061861038,0.73684253418152,0.7525472231909366,2.5125125125125125,model_50,0.7340769722812813
0.7212766058705014,0.737747568172651,0.753472861666898,2.5225225225225225,model_50,0.7349498948918919
0.7221914697355862,0.7386452142282844,0.7543985001428593,2.5325325325325325,model_50,0.7358224111961962
0.7231314094997636,0.7395300705483538,0.7553241386188206,2.5425425425425425,model_50,0.736694522945946
0.724071349263941,0.7404392676022841,0.7562430674677708,2.5525525525525525,model_50,0.7375662306336337
0.7250112890281183,0.7413362942892838,0.7571603327956173,2.5625625625625625,model_50,0.7384375342812813
0.7259316199006605,0.7422260734820202,0.7580656398804956,2.5725725725725725,model_50,0.7393084291801801
0.7268479514525736,0.7431303476632835,0.7590054319441972,2.5825825825825826,model_50,0.7401788905735736
0.7277642830044868,0.7440273743502833,0.759909728769783,2.5925925925925926,model_50,0.7410489167407407
0.7286806145564,0.7449244010372831,0.7607920211074866,2.6026026026026026,model_50,0.7419185416256256
0.7295969461083133,0.745821427724283,0.7616830575444244,2.6126126126126126,model_50,0.7427877664504505
0.7304839369281112,0.7467232406097126,0.762579208954173,2.6226226226226226,model_50,0.7436565907367367
0.7313438623637052,0.7476337721642352,0.7634753603639214,2.6326326326326326,model_50,0.7445250157507508
0.7322037877992991,0.7485245164804852,0.7643884605405806,2.6426426426426426,model_50,0.7453930427057057
0.733063713234893,0.7494142349167643,0.765285121623391,2.6526526526526526,model_50,0.7462606568048048
0.733923638670487,0.7503128008199398,0.7662253646556156,2.6626626626626626,model_50,0.7471278288528528
0.7347849352726211,0.7512199764543139,0.7672291020754696,2.6726726726726726,model_50,0.7479945911501501
0.7357028104374616,0.7521271520886881,0.768227296920879,2.6826826826826826,model_50,0.7488609576566566
0.736620685602302,0.7530343277230622,0.7691563079421331,2.6926926926926926,model_50,0.7497269286416416
0.7375385607671424,0.7539420655662126,0.7700644843540003,2.7027027027027026,model_50,0.7505925051081082
0.7384564359319828,0.7548533082193287,0.7709726607658676,2.7127127127127126,model_50,0.7514576877877878
0.7393743110968233,0.7557616650995007,0.7718808371777348,2.7227227227227226,model_50,0.7523224693293293
0.7402921862616637,0.7566630302605588,0.7727890135896021,2.7327327327327327,model_50,0.7531868251111111
0.7411688170367441,0.757570205894933,0.7736851796813451,2.7427427427427427,model_50,0.7540507549069069
0.742013371588519,0.7584773815293071,0.7745794668378927,2.7527527527527527,model_50,0.7549142931951952
0.7428973367116546,0.7593804448651176,0.7754737539944403,2.7627627627627627,model_50,0.7557774404264264
0.7438214520620758,0.7602455896400899,0.7763817797530481,2.7727727727727727,model_50,0.7566401964294294
0.744745567412497,0.7611510849846645,0.7773178159126,2.7827827827827827,model_50,0.757502562931932
0.7456696827629183,0.7620533284428658,0.7782538520721518,2.7927927927927927,model_50,0.7583645381441442
0.7465937981133395,0.7629520705764639,0.7790712739117066,2.8028028028028027,model_50,0.7592260998658659
0.7475179134637608,0.7638482907299531,0.7798789251206262,2.8128128128128127,model_50,0.7600872259639639
0.748442028814182,0.7647172641892717,0.780728806493955,2.8228228228228227,model_50,0.7609479638498499
0.7493661441646033,0.7655560148382791,0.7816184224866913,2.8328328328328327,model_50,0.7618083152462463
0.7502902595150245,0.7664530415252788,0.7825661131123158,2.8428428428428427,model_50,0.7626682805875876
0.7511727722947329,0.767340437869986,0.7835138037379403,2.8528528528528527,model_50,0.7635278597267268
0.752011003323345,0.7682018355527571,0.7844614943635648,2.8628628628628627,model_50,0.7643870540970971
0.752889747305558,0.7690711268049653,0.7853206633535227,2.8728728728728727,model_50,0.7652458421521521
0.7538191908167107,0.7699340928437888,0.7861507808941521,2.8828828828828827,model_50,0.7661041924864865
0.7547189883456902,0.7708012427975867,0.7869497902675486,2.8928928928928928,model_50,0.7669621597667667
0.7555993122082266,0.7716979914017836,0.78781221488777875,2.9029029029029028,model_50,0.7678197438608608
0.7564796360707632,0.7725494952170499,0.7887316631088074,2.9129129129129128,model_50,0.7686769461921922
0.7573599599332996,0.7733828203541663,0.7896524211756693,2.9229229229229228,model_50,0.769533767053053
0.7582402837958362,0.7742536307565921,0.7905561403278243,2.932932932932933,model_50,0.7703902062732733
0.7590250548619373,0.7751163372531987,0.7914328430458571,2.942942942942943,model_50,0.7712462411261262
0.7597656786108402,0.7759484101519502,0.7923076292578063,2.952952952952953,model_50,0.7721018439239239
0.7606140390088783,0.7767837546044992,0.7932541493286698,2.962962962962963,model_50,0.7729570672592592
0.7614410304123312,0.7776104297533235,0.7940986223397668,2.972972972972973,model_50,0.7738119121351351
0.7622107119776986,0.7784249035615047,0.7948617881166931,2.982982982982983,model_50,0.7746663795545545
0.7629803935430661,0.7792829718130958,0.7957153641534815,2.992992992992993,model_50,0.7755204699219219
0.7637500751084335,0.7800929574807023,0.7965538690360006,3.003003003003003,model_50,0.7763741783303303
0.764519756673801,0.7809403782434483,0.7974257954391952,3.013013013013013,model_50,0.7772274807947948
0.7652894382391685,0.7817324205372344,0.7982304161914009,3.023023023023023,model_50,0.7780803637297297
0.7661409079017225,0.7825401218626774,0.7991056523641101,3.033033033033033,model_50,0.7789328719159159
0.7670262002606247,0.783386089707386,0.7999006835040954,3.043043043043043,model_50,0.7797850056576576
0.7679114926195267,0.7841595269375865,0.8008110355462121,3.053053053053053,model_50,0.7806367656526526
0.768796784978429,0.7849602930159968,0.8016224788257066,3.063063063063063,model_50,0.7814881522072071
0.7696242921615993,0.7857555813104726,0.8023612774292975,3.073073073073073,model_50,0.7823391543393393
0.7703940231466184,0.7865244511864062,0.8032481447616935,3.083083083083083,model_50,0.7831897450340339
0.771166587717614,0.7873119709786872,0.8040252533016271,3.093093093093093,model_50,0.7840399358948948
0.771922248853362,0.7881383288803415,0.804768099656254,3.103103103103103,model_50,0.784889756015015
0.77267790998911,0.7889053210231339,0.8055385060704549,3.113113113113113,model_50,0.7857392057057057
0.7734408261120169,0.7896861115111313,0.8062652089414377,3.123123123123123,model_50,0.7865882856576576
0.7741892322606061,0.7904994276441499,0.8069966387201346,3.133133133133133,model_50,0.7874369961841842
0.7749448933963541,0.791274970590943,0.8078571319236537,3.143143143143143,model_50,0.7882853156576576
0.7757005545321021,0.7920945148054589,0.808676725361426,3.153153153153153,model_50,0.7891332151171171
0.7765350729883951,0.7928682947837378,0.809558157633087,3.163163163163163,model_50,0.7899807406706707
0.7772767252313431,0.7936765306101256,0.8104000291090573,3.173173173173173,model_50,0.7908278991241241
0.777979098729008,0.7944891766390976,0.8111097781148618,3.183183183183183,model_50,0.7916746915285285
0.7787281082589801,0.7952638598387851,0.8118195271206665,3.193193193193193,model_50,0.7925211178388388
0.779478860210842,0.7960390700661233,0.8124920943222335,3.203203203203203,model_50,0.7933671694904905
0.78023452134659,0.796773629694667,0.8132390251322758,3.2132132132132134,model_50,0.7942128189249249
0.7809901824823381,0.7975573344360232,0.8139951128011442,3.2232232232232234,model_50,0.7950580692892892
0.7817458436180861,0.7983317428162864,0.814701094751718,3.2332332332332334,model_50,0.7959029562502502
0.7825015047538341,0.7991044147072216,0.8154346004779386,3.2432432432432434,model_50,0.7967474801621621
0.783257165889582,0.7998776596763316,0.816165699808394,3.2532532532532534,model_50,0.7975916413233234
0.78401282702533,0.8006456439493133,0.8169400688731935,3.2632632632632634,model_50,0.7984354414374375
0.784768488161078,0.8014219605293129,0.8177305950158121,3.2732732732732734,model_50,0.7992788533153153
0.785524149296826,0.8021785267982363,0.8184457049149803,3.2832832832832834,model_50,0.8001218489029029
0.7863167585760915,0.8029306987044045,0.8192005125944503,3.2932932932932935,model_50,0.8009644834264265
0.7871290941960802,0.8036871613245807,0.8199119261287069,3.3033033033033035,model_50,0.8018067582312313
0.787907976373294,0.8044312753554467,0.8206543856355886,3.3133133133133135,model_50,0.8026486736486487
0.7886021400636954,0.805193431386082,0.8213693295536978,3.3233233233233235,model_50,0.8034902306816817
0.7893298227088767,0.8059777071724019,0.8221664991570842,3.3333333333333335,model_50,0.804331411
0.790058116111314,0.8067126344352015,0.8229636687604704,3.3433433433433435,model_50,0.8051721865195195
0.790813777247062,0.8074659923689882,0.8237608383638567,3.3533533533533535,model_50,0.806012586994995
0.79156943838281,0.808225544724481,0.8245303953097347,3.3633633633633635,model_50,0.8068526314234234
0.792325099518558,0.8089790658720178,0.8252598141844717,3.3733733733733735,model_50,0.8076923198138138
0.7930656969914636,0.8097397370530603,0.8259697908659706,3.3833833833833835,model_50,0.8085316531571571
0.7938354209318014,0.8105040066140266,0.8267288551105582,3.3933933933933935,model_50,0.809370617894895
0.794592082925802,0.811276590999034,0.8275159748518838,3.4034034034034035,model_50,0.8102091871441441
0.79534774406155,0.8120291562830988,0.8282841713119979,3.4134134134134135,model_50,0.811047372956957
0.7961034051972979,0.8127373590861109,0.8289872869765517,3.4234234234234235,model_50,0.8118852054054054
0.7968590663330459,0.8134623302134958,0.829657573410319,3.4334334334334335,model_50,0.8127226854924925
0.7976160639846013,0.8142490242329347,0.8304378290533923,3.4434434434434436,model_50,0.8135598135325326
0.7983857455499687,0.8150055872503694,0.8312450219137939,3.4534534534534536,model_50,0.8143965795435436
0.7991545346974305,0.8157590693029155,0.8320522147741956,3.4634634634634636,model_50,0.8152329560980981
0.7999251086807035,0.8164965656385419,0.8328594076345972,3.4734734734734736,model_50,0.816068944983984
0.800694790246071,0.8172655285745409,0.8336666004949989,3.4834834834834836,model_50,0.8169045845195195
0.8014015997579793,0.8179805664082861,0.8343857255243927,3.4934934934934936,model_50,0.8177398746596597
0.802148694283282,0.8187611467463214,0.8350987047047184,3.5035035035035036,model_50,0.8185748151501502
0.8029043554190299,0.8195181982451182,0.8358433127388543,3.5135135135135136,model_50,0.8194093988108109
0.8036600165547779,0.8202796339526336,0.8365553252534667,3.5235235235235236,model_50,0.8202435963923924
0.8043417113276116,0.8210106473230142,0.8373355494613481,3.5335335335335336,model_50,0.821077407065065
0.8050865685214155,0.821764888971483,0.8380990056819412,3.5435435435435436,model_50,0.8219108713993993
0.8058050077192855,0.822541803609206,0.8388785661539327,3.5535535535535536,model_50,0.8227439896876877
0.806494600246712,0.8233258418909699,0.8396683552138927,3.5635635635635636,model_50,0.8235767616396397
0.8071920033310254,0.8241098801727338,0.8403701938877147,3.5735735735735736,model_50,0.824409177894895
0.8080038093370369,0.8248939184544976,0.8410534819487931,3.5835835835835836,model_50,0.8252412103693694
0.8088013043029589,0.8256705630932258,0.8418212039533131,3.5935935935935936,model_50,0.8260728615245245
0.8095097206049672,0.8264224494445873,0.8426185190639165,3.6036036036036037,model_50,0.8269041683513514
0.8102964789910895,0.8272226278088808,0.8434158341745199,3.6136136136136137,model_50,0.8277351322142142
0.8110822586687594,0.8279878372452825,0.8441803588611648,3.6236236236236237,model_50,0.8285657536696697
0.8118699957633341,0.8287613815411187,0.8449280869923915,3.6336336336336337,model_50,0.8293960183573573
0.8125965766671329,0.8295016587897085,0.8456440907126622,3.6436436436436437,model_50,0.8302258992782783
0.8132659979508939,0.8302619778326015,0.8464274774949053,3.6536536536536537,model_50,0.8310554076866866
0.813935419234655,0.831071362731634,0.8471765170394855,3.6636636636636637,model_50,0.8318845754144144
0.814604840518416,0.8318215506887879,0.8479177750031666,3.6736736736736737,model_50,0.8327134031961961
0.8152537972738223,0.8325599352408044,0.8486454831010702,3.6836836836836837,model_50,0.8335418919329329
0.8160039169913628,0.8333370237029409,0.8493537683113993,3.6936936936936937,model_50,0.8343700206756757
0.8167744753216702,0.8340476191546417,0.8501478546642511,3.7037037037037037,model_50,0.8351977631481482
0.8175450336519776,0.8348067807515203,0.8509419410171031,3.7137137137137137,model_50,0.8360251468758758
0.818315591982285,0.8355689500851472,0.8516707543069664,3.7237237237237237,model_50,0.8368521935585586
0.8190294108270244,0.8363480217545287,0.8524197938515465,3.7337337337337337,model_50,0.83767890293994
0.8197168358641608,0.8371261443056351,0.853213552896936,3.7437437437437437,model_50,0.8385052756486486
0.8203805703043306,0.8379041079682519,0.8540185743971329,3.7537537537537538,model_50,0.8393312827807808
0.8210561500429838,0.838676678532154,0.8548205551519383,3.7637637637637638,model_50,0.8401569013033033
0.8217687753455802,0.8394252821246887,0.8555427738681317,3.7737737737737738,model_50,0.8409821776616616
0.822571492291529,0.840195960541877,0.856267777760046,3.7837837837837838,model_50,0.8418071197297298
0.8233781898707285,0.8409436139980415,0.857058458254328,3.7937937937937938,model_50,0.8426317281311312
0.8241848874499281,0.8416982776665722,0.85784913874861,3.803803803803804,model_50,0.8434559963993994
0.824887582850585,0.8424140218678156,0.858639819242892,3.813813813813814,model_50,0.8442798929909909
0.8256769861305303,0.8431928411302761,0.859430499737174,3.823823823823824,model_50,0.8451034116856857
0.82649369703323,0.8439664374472786,0.8602103303851099,3.833833833833834,model_50,0.8459265984824825
0.8273073602561305,0.8447426452370103,0.8609896279454665,3.843843843843844,model_50,0.8467494542342342
0.8279839807812627,0.8455188530267418,0.8617689255058232,3.853853853853854,model_50,0.8475719787087087
0.8286606013063949,0.8462917195581907,0.8625482230661798,3.863863863863864,model_50,0.8483941524304305
0.8293372218315269,0.847071268606205,0.8633196730633035,3.873873873873874,model_50,0.8492159488108108
0.8301262852426063,0.8478493384345241,0.8641044723001031,3.883883883883884,model_50,0.85003739198999
0.8308864841025974,0.8486109640489565,0.8648883693688185,3.893893893893894,model_50,0.8508585061231231
0.8316195147229171,0.8493251887308411,0.8656776947373305,3.903903903903904,model_50,0.8516792913783784
0.8322713835659916,0.8500961671061464,0.8664767836278982,3.913913913913914,model_50,0.8524997485875876
0.8329232524090662,0.8508644417136361,0.8672910949093725,3.923923923923924,model_50,0.8533198422172172
0.8336051695984447,0.8516502617255947,0.8681054061908469,3.933933933933934,model_50,0.8541395534174174
0.834364961030154,0.8523970408225826,0.8688805818923149,3.943943943943944,model_50,0.8549589373573574
0.8350671120590363,0.8531587819650949,0.8696766001576836,3.953953953953954,model_50,0.8557779954354354
0.8358433565157737,0.8539374561330834,0.8704726184230522,3.963963963963964,model_50,0.8565967284684685
0.8365844508110454,0.8546938648556405,0.8712686366884208,3.973973973973974,model_50,0.8574151175705705
0.8373333421426683,0.8554562924807264,0.8720646549537895,3.983983983983984,model_50,0.8582331353283283
0.8381304105315421,0.85623206940141106,0.8728606732191582,3.993993993993994,model_50,0.8590508011171171
0.8388514877487162,0.8570081507230304,0.8736566914845268,4.004004004004004,model_50,0.8598681436596597
0.8395365796312191,0.8577613215206021,0.8744364044368359,4.014014014014014,model_50,0.8606851631561563
0.8402033765923222,0.858544664765706,0.8752181401662257,4.024024024024024,model_50,0.8615018577987988
0.8408701735534254,0.859326342799241,0.8759857313880614,4.034034034034034,model_50,0.8623181914994995
0.8416499358808328,0.8600883087572024,0.8767507947105203,4.044044044044044,model_50,0.8631341501781782
0.8423552399490725,0.8608556778104434,0.8775182068473399,4.054054054054054,model_50,0.8639497882162163
0.8430559903891437,0.861628590536371,0.8783069006335217,4.064064064064064,model_50,0.8647651056136136
0.843756740829215,0.8623914234796421,0.8790805161400879,4.074074074074074,model_50,0.8655801023703704
0.8445043663629783,0.8631536845388171,0.8798334310084303,4.084084084084084,model_50,0.8663947535735735
0.8451582417093575,0.863922499168995,0.880578049761569,4.094094094094094,model_50,0.8672090357057057
0.8458862177396538,0.8646887548823039,0.8813411746452745,4.104104104104104,model_50,0.8680229802702703
0.8465597425895,0.8654205073261008,0.8821062379677335,4.114114114114114,model_50,0.8688366066096096
0.8472604930295713,0.8661581188635072,0.8828713012901925,4.124124124124124,model_50,0.8696499149019019
0.8479612434696425,0.8668669361460961,0.8836884296257179,4.134134134134134,model_50,0.870462892981982
0.8486619939097138,0.8675974952088762,0.8844615500156201,4.1441441441441444,model_50,0.8712755098648648
0.849362744349785,0.8683463667919374,0.8851826964488242,4.1541541541541545,model_50,0.872087771986987
0.850071262539935,0.869077581006976,0.8860321138540952,4.1641641641641645,model_50,0.8728997183093093
0.8508256543942042,0.8698253834563785,0.8868881818325318,4.1741741741741745,model_50,0.8737113495855856
0.8515371466629496,0.8706115124870609,0.8877442498109686,4.1841841841841845,model_50,0.874522663975976
0.8522650898092597,0.8713706654408904,0.8885386931965458,4.1941941941941945,model_50,0.8753336228208208
0.853030075242832,0.8721267401031286,0.88932175687848,4.2042042042042045,model_50,0.876144213951952
0.8537872424014656,0.8728825090626169,0.8901417804530987,4.2142142142142145,model_50,0.8769544914564565
0.854465192435328,0.873638889427605,0.8909361065297128,4.2242242242242245,model_50,0.8777644557567568
0.8551257958407604,0.8743949640898433,0.8917254318982247,4.2342342342342345,model_50,0.8785741074324325
0.8557863992461928,0.8751510387520816,0.8925147572667367,4.2442442442442445,model_50,0.8793834146516517
0.8564470026516253,0.8759062785043197,0.8933040826352486,4.2542542542542545,model_50,0.8801923574944945
0.8571157423245104,0.8766747938833577,0.8940934080037606,4.2642642642642645,model_50,0.8810009770540541
0.8578782188556191,0.8774457347347737,0.8948827333722725,4.2742742742742745,model_50,0.881809285992993
0.8585733066377067,0.8782180668165711,0.8956720587407845,4.2842842842842845,model_50,0.8826172843113114
0.8592370559977417,0.8790058538815435,0.8964613841092963,4.2942942942942945,model_50,0.8834249475315316
0.8599008053577767,0.8797815943919393,0.8972507094778083,4.3043043043043046,model_50,0.8842322516256257
0.8605645547178117,0.8805153276121124,0.8980400348463202,4.314314314314315,model_50,0.8850392244194194
0.8612283040778468,0.8812610565684467,0.8988293602148322,4.324324324324325,model_50,0.885845888027027
0.8618920534378818,0.8820501869880238,0.8996186855833441,4.334334334334335,model_50,0.886652243884885
0.8625558027979168,0.8828320401272922,0.9004080109518561,4.344344344344345,model_50,0.8874582735805806
0.8632195521579518,0.8835855298270298,0.9011977692515565,4.354354354354355,model_50,0.8882639472192192
0.8638833015179869,0.8843408867956065,0.9019902758303977,4.364364364364365,model_50,0.8890692831391391
0.8645470508780219,0.8850674836524867,0.9027759870573919,4.374374374374375,model_50,0.8898743128838839
0.8652108002380569,0.8858105352786694,0.9035653124259039,4.384384384384385,model_50,0.8906790370180181
0.8658745495980918,0.8865933221472507,0.9043546377944158,4.394394394394395,model_50,0.8914834410400401
0.866538298958127,0.8873538189002534,0.9051439631629278,4.404404404404405,model_50,0.8922874927317317
0.8672020483181619,0.8881093095537043,0.9059332885314397,4.414414414414415,model_50,0.8930912033783784
0.8678657976781969,0.8888786678475201,0.9067226138999517,4.424424424424425,model_50,0.8938946098588589
0.8685954105923983,0.8896525328804428,0.9075119392684636,4.434434434434435,model_50,0.8946977127327328
0.8693465187748226,0.8904219879461701,0.9083012646369756,4.444444444444445,model_50,0.8955005004444444
0.8700251388968462,0.8911687336561096,0.9090905900054875,4.454454454454455,model_50,0.8963029384524525
0.8707037590188696,0.8919413985421792,0.9098766694644025,4.464464464464465,model_50,0.8971050338558559
0.8713823791408932,0.8926980058995425,0.9106495447488021,4.474474474474475,model_50,0.8979068271021021
0.8720609992629167,0.8934536122339213,0.9114224200332017,4.484484484484485,model_50,0.8987083191941941
0.8727396193849403,0.8942240110375188,0.9122257711805926,4.494494494494495,model_50,0.8995094994494495
0.8734182395069638,0.894979520875104,0.9130372168480472,4.504504504504505,model_50,0.9003103315315315
0.8740968596289874,0.8957295036041998,0.913834609677558,4.514514514514515,model_50,0.9011108221731733
0.8747754797510109,0.896513728501098,0.9146483948771806,4.524524524524525,model_50,0.9019110132162163
0.8754540998730345,0.8972675353300845,0.9154621800768032,4.534534534534535,model_50,0.9027109051141141
0.8761117479323257,0.8980395716226003,0.9162553942495398,4.544544544544545,model_50,0.9035104865995996
0.8767661966349181,0.8988022160295269,0.9171121980941618,4.554554554554555,model_50,0.9043097215745747
0.8774206453375103,0.8995880016166394,0.9179863271669048,4.564564564564565,model_50,0.9051086180390391
0.8780750940401025,0.9003708673204068,0.9187940031901836,4.574574574574575,model_50,0.905907216908909
0.8787295427426949,0.9011497171212743,0.9196040216725776,4.584584584584585,model_50,0.9067055186426427
0.8793839914452871,0.9018779531109329,0.9203831526649948,4.594594594594595,model_50,0.9075035090810811
0.8800384401478795,0.9026374356183814,0.921162283657412,4.604604604604605,model_50,0.9083011547467468
0.8807195822725418,0.9033934356934242,0.9219711033794521,4.614614614614615,model_50,0.9090984676036036
0.8813989897243222,0.9041391330019716,0.9227521084970464,4.624624624624625,model_50,0.9098954847927928
0.8820783971761026,0.9048979584015373,0.9235331136146405,4.634634634634635,model_50,0.9106922073933934
0.8827526184931767,0.9056477169599483,0.9243141187322348,4.644644644644645,model_50,0.9114886158978979
0.8834151063425513,0.906406414989138,0.9250951238498291,4.654654654654655,model_50,0.9122846798168168
0.8840604255577775,0.9071578634817772,0.9258748240483227,4.664664664664665,model_50,0.9130804184834835
0.8846979007347223,0.9079391722552839,0.9266851452154119,4.674674674674675,model_50,0.9138758645655656
0.8853412845282913,0.908702642301158,0.9275010878144322,4.684684684684685,model_50,0.9146710180630631
0.8860153735284982,0.9094794872400942,0.9283170304134524,4.694694694694695,model_50,0.9154658526856857
0.8867275455894246,0.9102781520663346,0.9291329730124727,4.704704704704705,model_50,0.9162603437867868
0.8873900334387992,0.9110525905430384,0.9299489156114928,4.714714714714715,model_50,0.917054518900901
0.8880525212881738,0.911811945719543,0.930764858210513,4.724724724724725,model_50,0.9178484033773774
0.8887150091375484,0.9125957519628607,0.9315808008095333,4.734734734734735,model_50,0.9186419973283283
0.889377496986923,0.9133510446828619,0.9323967434085535,4.744744744744745,model_50,0.919435266009009
0.8900399848362976,0.9141119675800378,0.9332126860075738,4.754754754754755,model_50,0.9202281928858859
0.8907024726856724,0.9148823434342683,0.9339822317207016,4.764764764764765,model_50,0.921020814943944
0.891364960535047,0.915652719288499,0.9346521974306665,4.774774774774775,model_50,0.921813147900901
0.8920274483844216,0.9164112519029314,0.935335827188245,4.784784784784785,model_50,0.9226051922812812
0.8926899362337962,0.9171939662800914,0.936142359413737,4.794794794794795,model_50,0.9233969034934935
0.8933524240831708,0.9179772367561538,0.9369581187441087,4.804804804804805,model_50,0.9241882737837838
0.8940149119325456,0.9187378046450989,0.9377738780744804,4.814814814814815,model_50,0.9249793518148148
0.8946773997819202,0.9195045985596523,0.9385896374048521,4.824824824824825,model_50,0.9257701432362362
0.8953398876312948,0.9202737128328862,0.9394053967352238,4.834834834834835,model_50,0.9265606408678678
0.8960023754806694,0.9210517999033824,0.9402211560655955,4.844844844844845,model_50,0.9273508014964965
0.896664863330044,0.9218233745006307,0.9410369153959672,4.854854854854855,model_50,0.9281406315865866
0.89734903083587,0.922589938007548,0.9418526747263389,4.864864864864865,model_50,0.9289301766216216
0.8980429527034175,0.923358721549447,0.9426684340567106,4.874874874874875,model_50,0.9297194365735736
0.8987368745709651,0.9241301123241624,0.9434841933870823,4.884884884884885,model_50,0.930508390951952
0.8994307964385126,0.9248972295392669,0.944299952717454,4.894894894894895,model_50,0.9312970093543543
0.9000926750224817,0.9256676053934976,0.9451157120478257,4.904904904904905,model_50,0.9320853129879879
0.9007433843256946,0.9264719568759219,0.9459285930078587,4.914914914914915,model_50,0.9328733340380381
0.9014170377063131,0.9272682788331765,0.9467106966157905,4.924924924924925,model_50,0.9336610725405406
0.9021030832288702,0.9280318389442408,0.9475081004761793,4.934934934934935,model_50,0.9344484914514515
0.9027845285606269,0.9287984518437525,0.9483255108124278,4.944944944944945,model_50,0.9352355759019019
0.9034682739877837,0.9295674917338976,0.9491229007334145,4.954954954954955,model_50,0.9360223635945946
0.9041520194149406,0.930365370317743,0.9498811662417932,4.964964964964965,model_50,0.9368088702212213
0.9048357648420975,0.9311508058115798,0.9506394317501718,4.974974974974975,model_50,0.9375950937997998
0.9055195102692544,0.9319245598845677,0.9513976972585505,4.984984984984985,model_50,0.9383809844504504
0.9062319836256603,0.93270452116798,0.9521559627669292,4.994994994994995,model_50,0.9391665452892893
0.9069521855708444,0.9334704930089007,0.9529142282753077,5.005005005005005,model_50,0.9399518265705706
0.9076096687659219,0.9342596629512974,0.9537120941344723,5.015015015015015,model_50,0.9407368287957959
0.908257981831604,0.9350551368805625,0.954513152923682,5.025025025025025,model_50,0.9415215308538539
0.9089582652464141,0.9358273193671256,0.95531383630304,5.035035035035035,model_50,0.9423059017077077
0.9096219828321956,0.9365928843956779,0.9560959399109717,5.045045045045045,model_50,0.9430899636576576
0.9103031268332374,0.9373661766146129,0.9568780435189035,5.055055055055055,model_50,0.943873748062062
0.9109887075897936,0.938141563246156,0.9576601471268352,5.065065065065065,model_50,0.9446572554074074
0.9116840337912172,0.9389220706120656,0.958442250734767,5.075075075075075,model_50,0.945440443075075
0.9123793599926409,0.9397025779779753,0.9592341246631801,5.085085085085085,model_50,0.9462233015495495
0.9130746861940644,0.9404735630955321,0.9600639737680283,5.095095095095095,model_50,0.9470058736556557
0.9137389157800224,0.9412146499023539,0.9608938228728764,5.105105105105105,model_50,0.9477881707027027
0.9144082008222938,0.9419849441534666,0.9617050600266339,5.115115115115115,model_50,0.9485701809459459
0.9150919462494507,0.9427613319648835,0.9625090426035124,5.125125125125125,model_50,0.9493518623313313
0.9157756916766076,0.9435390455640054,0.9633329488070286,5.135135135135135,model_50,0.9501332286486487
0.9164594371037644,0.9443343714582029,0.9642132192922689,5.145145145145145,model_50,0.9509143214194195
0.9171431825309213,0.9451258894038062,0.965043068397117,5.155155155155155,model_50,0.9516951406436437
0.9177903700709973,0.9458811244787838,0.9658729175019651,5.165165165165165,model_50,0.9524756496486486
0.9184256478771401,0.9466699987213211,0.9667027666068132,5.175175175175175,model_50,0.9532558325955957
0.919060925683283,0.9474416276425828,0.9675326157116614,5.185185185185185,model_50,0.9540357261111111
0.9197527370017574,0.9482354752999789,0.9683572611831451,5.195195195195195,model_50,0.9548153480840841
0.9204478213628202,0.9490205421698434,0.9691508209541448,5.205205205205205,model_50,0.9555946907067068
0.9211429057238831,0.9498009518786368,0.9699348822895446,5.215215215215215,model_50,0.9563737065995996
0.9218379900849459,0.9505353163412825,0.9707481046386738,5.225225225225225,model_50,0.9571524073603603
0.9225330744460087,0.9512600602831601,0.9715669381248697,5.235235235235235,model_50,0.9579308381041041
0.9232281588070715,0.9520272272596687,0.9723629563902383,5.245245245245245,model_50,0.9587089993093093
0.9239232431681345,0.9527946570630632,0.973158974655607,5.255255255255255,model_50,0.9594868536636637
0.9246183275291973,0.9535676236252297,0.9739596622272627,5.265265265265265,model_50,0.9602643852392392
0.9253134118902601,0.9543405901873963,0.9747792519775559,5.275275275275275,model_50,0.9610416302482482
0.9259558789776028,0.9551135567495628,0.975598841727849,5.285285285285285,model_50,0.9618186072492492
0.9266546593105921,0.9558721948284234,0.9764075847676976,5.295295295295295,model_50,0.9625953061251251
0.9273719101106526,0.9566505477109081,0.9772016711205496,5.305305305305305,model_50,0.9633716802892893
0.9280748917443695,0.957407793711668,0.9779957574734014,5.315315315315315,model_50,0.9641477451081082
0.9287668547925882,0.9581940816995931,0.9787898438262532,5.325325325325325,model_50,0.9649235433943943
0.9294506002197451,0.9589847184059828,0.9795839301791052,5.335335335335335,model_50,0.9656990756816817
0.930134345646902,0.9597699493545209,0.980378016531957,5.345345345345345,model_50,0.9664742991411411
0.9308180910740589,0.9605529456633686,0.9811721028848088,5.355355355355355,model_50,0.9672492037557557
0.9315018365012158,0.9613586425061351,0.9819661892376608,5.365365365365365,model_50,0.9680238293413413
0.9321855819283726,0.9621615307817937,0.9827602755905126,5.375375375375375,model_50,0.9687981899339339
0.9328693273555295,0.9629215833846869,0.9835543619433644,5.385385385385385,model_50,0.9695722676876877
0.9335438008689134,0.963716086215319,0.9843484482962164,5.395395395395395,model_50,0.9703460247237237
0.9341918016540691,0.9644901368540214,0.9851425346490682,5.405405405405405,model_50,0.9711194837027026
0.9348398024392249,0.9652709680060307,0.98593662100192,5.415415415415415,model_50,0.9718926790740741
0.9355367505806487,0.9660590404388699,0.986730707354772,5.425425425425425,model_50,0.972665611002002
0.9362005202011741,0.9668607659049682,0.9875247937076238,5.435435435435435,model_50,0.9734382255075075
0.9368497853163449,0.967635950730177,0.9883188800604756,5.445445445445445,model_50,0.9742105269289288
0.9374990504315156,0.9684083441198506,0.9891129664133276,5.455455455455455,model_50,0.9749825627197197
0.9381483155466864,0.9691841760277531,0.9899070527661794,5.465465465465465,model_50,0.9757543364414415
0.938822629694249,0.9699572774052546,0.9907011391190312,5.475475475475475,model_50,0.9765258158808808
0.9394648331389774,0.9707255242888708,0.9914952254718832,5.485485485485485,model_50,0.9772969801651652
0.9400961108921988,0.9715032105295877,0.9922893118247349,5.495495495495495,model_50,0.9780678607567568
0.9408034690581815,0.9723682490892276,0.995229949800039,5.505505505505505,model_50,0.9788384814774774
0.9417368778698655,0.9734019520046966,1.007448319937172,5.515515515515515,model_50,0.9796088304444445
0.9426374919533649,0.974658210637978,1.1760277355082287,5.525525525525525,model_50,0.9803788614834835
0.9434787712735909,0.9758444495969307,1.1853070256781315,5.535535535535535,model_50,0.981148593988989
0.9443643652581262,0.977148845381131,1.1903049269774675,5.545545545545545,model_50,0.9819180675305306
0.9450910447810437,0.9783361277147625,1.1955889748886928,5.555555555555555,model_50,0.9826872825555556
0.9460204309122258,0.979469373391905,1.1991501841540597,5.565565565565565,model_50,0.9834561856346345
0.9467376817122863,0.9805942955771088,1.2023792294389004,5.575575575575575,model_50,0.9842247808398398
0.9474549325123468,0.9817354689649734,1.204707950578899,5.585585585585585,model_50,0.9849931127657657
0.9484065495880947,0.9828644649899844,1.2058260759117676,5.595595595595595,model_50,0.9857611871771772
0.9491143380667748,0.9840131245498607,1.2091728272402829,5.605605605605605,model_50,0.9865289698798798
0.9498478856987903,0.9852635883109103,1.2105697713479457,5.615615615615615,model_50,0.9872964418078077
0.950766385386399,0.9866384408290989,1.2122142936794045,5.625625625625625,model_50,0.9880636366926927
0.9514183681001516,0.9878444404298761,1.2132855337317752,5.635635635635635,model_50,0.9888305766306306
0.952371741552865,0.9893991822609152,1.2146272368197972,5.645645645645645,model_50,0.9895972428648648
0.9530385079134839,0.9908882999339181,1.2156960725419341,5.655655655655655,model_50,0.9903635956376375
0.9538750282289428,0.9924317059966392,1.216580517317076,5.665665665665665,model_50,0.9911296599379379
0.9549321938080632,0.9942800894340836,1.2180257886295984,5.675675675675675,model_50,0.9918954702972973
0.9556976114401075,0.9958965197192544,1.219267715543075,5.6856856856856854,model_50,0.9926610248758758
0.956499201640761,0.9982378794815103,1.220542146112696,5.6956956956956954,model_50,0.9934262627047047
0.9571635181600328,0.9999805841338374,1.2219332181408087,5.7057057057057055,model_50,0.994191201003003
0.9578291649509935,1.0016244499684417,1.2229151348702478,5.7157157157157155,model_50,0.9949558873683684
0.9590347336768543,1.0036715156512195,1.2236874941567906,5.7257257257257255,model_50,0.9957203216586586
0.9599124535851459,1.0067192841296482,1.2246468957168892,5.7357357357357355,model_50,0.9964844518228227
0.9607033142170249,1.010554206637526,1.2253888244339621,5.7457457457457455,model_50,0.9972482795225225
0.9614263390092754,1.1557677067082115,1.2271863252070312,5.7557557557557555,model_50,0.9980118467647647
0.9621835652012566,1.172131390673615,1.2282338407035285,5.7657657657657655,model_50,0.9987751636576576
0.9638292048459776,1.1773397126593395,1.229020783105813,5.7757757757757755,model_50,0.9995381917767767
0.9647789041982551,1.1810763481611861,1.2297270414310615,5.7857857857857855,model_50,1.115438052127119
0.9655614416326029,1.1841110783039817,1.2308702847196993,5.7957957957957955,model_50,1.2000633686936937
0.9670314706413288,1.1863204522213069,1.2321423890220078,5.8058058058058055,model_50,1.200825573058058
0.9688731208261827,1.18912048526609,1.233112749444626,5.8158158158158155,model_50,1.2015875027547547
0.9699728670370653,1.1917181159462418,1.2343291052462062,5.8258258258258255,model_50,1.2023491254654652
0.9711618822076988,1.1939314758012503,1.2352319336046635,5.8358358358358355,model_50,1.2031104712272271
0.9720205542762883,1.195630262521417,1.236308637423095,5.8458458458458455,model_50,1.2038715684924925
0.9738214154178899,1.1974296291045103,1.237332803848099,5.8558558558558556,model_50,1.2046324037927927
0.9748693235385133,1.1991866339635067,1.2382114476492072,5.865865865865866,model_50,1.205392930009009
0.9759697455417721,1.200675916065648,1.2391349516668761,5.875875875875876,model_50,1.2061531728498498
0.9783067778417427,1.2022344666073272,1.23988831585503,5.885885885885886,model_50,1.2069131691981982
0.9791881924139552,1.2035051168447526,1.2408952118194914,5.895895895895896,model_50,1.207672914926927
0.9822702118684782,1.204874834605017,1.24188369151992,5.905905905905906,model_50,1.2084323486806805
0.9834268625285745,1.206144401171322,1.2426023212956054,5.915915915915916,model_50,1.20919149303003
0.9846075698172599,1.20752911073432,1.243563707920164,5.925925925925926,model_50,1.2099503924814816
0.9870719207275315,1.208795747625301,1.244301356044682,5.935935935935936,model_50,1.2107090474444444
0.9887566456699841,1.2099850335107243,1.2451200295585083,5.945945945945946,model_50,1.211467394891892
0.9928258087736291,1.2112422322111924,1.2461502470667134,5.955955955955956,model_50,1.2122254506026025
0.9981305432192555,1.2126953583127993,1.2468992845536868,5.965965965965966,model_50,1.212983258986987
1.008808135215703,1.2139930022803522,1.247710154989152,5.975975975975976,model_50,1.213740824078078
1.0242262077955833,1.2153413124607912,1.2487308866005715,5.985985985985986,model_50,1.2144980904164164
1.179674948199401,1.2164151313996632,1.2494557655276453,5.995995995995996,model_50,1.2152550632532533
1.184043276080195,1.2173015940804672,1.2501577293553419,6.006006006006006,model_50,1.2160117853753754
1.1847515548754868,1.2180046963995554,1.2508696017836967,6.016016016016016,model_50,1.216768266015015
1.185459833670779,1.2187224845566824,1.2515825068447384,6.026026026026026,model_50,1.2175244551561561
1.1861681124660706,1.2194517050908094,1.25229541190578,6.036036036036036,model_50,1.2182803504324322
1.1868763912613622,1.2201768148282583,1.2530083169668218,6.046046046046046,model_50,1.2190359915095095
1.187584670056654,1.2208984387202384,1.2537212220278635,6.056056056056056,model_50,1.2197913923153152
1.188292948851946,1.221624643266172,1.2544341270889052,6.066066066066066,model_50,1.220546508147147
1.1890012276472377,1.2223181752994843,1.255147032149947,6.076076076076076,model_50,1.2213013294014012
1.1897103451023272,1.2230052765581458,1.2558599372109887,6.086086086086086,model_50,1.2220558952632632
1.1904274028164952,1.2237153640019316,1.2565728422720304,6.096096096096096,model_50,1.2228102214294294
1.191144460530663,1.2244330488913007,1.2572746015233482,6.106106106106106,model_50,1.2235642680360361
1.1919596553532277,1.2251464431337418,1.2579359986593364,6.116116116116116,model_50,1.2243180198198198
1.1927382154231454,1.2258470171805205,1.2586363114328607,6.126126126126126,model_50,1.2250715142702702
1.1934600133652182,1.2265373464189906,1.259336624206385,6.136136136136136,model_50,1.2258247712462462
1.194166403185342,1.2272276756574605,1.2600369369799092,6.146146146146146,model_50,1.2265777526416417
1.1948727930054657,1.227928861757983,1.2607332103970106,6.156156156156156,model_50,1.2273304387477477
1.1955791828255895,1.2286507610484492,1.261424932171743,6.166166166166166,model_50,1.2280828674164164
1.1962855726457133,1.2293685280025812,1.2621166539464754,6.176176176176176,model_50,1.228835059996997
1.196991962465837,1.2300722088140545,1.262808375721208,6.186186186186186,model_50,1.2295869796066066
1.1976983522859608,1.2307801105596308,1.2635000974959405,6.196196196196196,model_50,1.2303386048648648
1.1984047421060846,1.2314979610381185,1.2641970059092709,6.206206206206206,model_50,1.2310899725325326
1.1991111319262082,1.232215811516606,1.2648835410454053,6.216216216216216,model_50,1.2318411053513514
1.199817521746332,1.2329336619950937,1.2655752628201378,6.226226226226226,model_50,1.232591966966967
1.2005239115664559,1.2336471806179456,1.2662669845948704,6.236236236236236,model_50,1.2333425356196195
1.2012303013865795,1.2343476838767147,1.2669587063696026,6.246246246246246,model_50,1.2340928472912913
1.2019366912067033,1.2350648470206362,1.2676504281443353,6.256256256256256,model_50,1.2348429253693693
1.2026430810268272,1.2358020598762258,1.268342149919068,6.266266266266266,model_50,1.2355927327587588
1.2033494708469508,1.2365082745296205,1.2690610368648008,6.276276276276276,model_50,1.2363422484444444
1.2040558606670746,1.2372306131532629,1.2697892627712748,6.286286286286286,model_50,1.23709151001001
1.204775917997348,1.237946148599483,1.2705174886777488,6.296296296296296,model_50,1.2378405384814815
1.2054912416481274,1.2386688611274976,1.271241941356297,6.306306306306306,model_50,1.238589295018018
1.2061947222864537,1.2393878986462952,1.2719422541298213,6.316316316316316,model_50,1.239337762019019
1.2068982029247803,1.2401121667799695,1.2726425669033454,6.326326326326326,model_50,1.2400859772422421
1.2076016835631067,1.2408300172584572,1.2733585164061452,6.336336336336336,model_50,1.240833961003003
1.2083051642014333,1.2415478677369447,1.2740760325868061,6.346346346346346,model_50,1.2415816707807807
1.20900864483976,1.2422573414464033,1.2747935487674669,6.356356356356356,model_50,1.2423290934034035
1.2097121254780863,1.242971586430637,1.2755110649481278,6.366366366366366,model_50,1.243076267933934
1.2104156061164129,1.2436903809224553,1.2762285811287888,6.376376376376376,model_50,1.2438232117307306
1.2111253099936783,1.2444091754142736,1.2769460973094497,6.386386386386386,model_50,1.244569878083083
1.2118505400416222,1.2451208012178125,1.2776636134901107,6.396396396396396,model_50,1.2453162606576575
1.212575770089566,1.2458236138346526,1.2783811296707717,6.406406406406406,model_50,1.2460623988758757
1.2133010001375102,1.2465264264514926,1.2790974368876318,6.416416416416417,model_50,1.246808307995996
1.214026230185454,1.2472102210375795,1.2797948260536653,6.426426426426427,model_50,1.247553934960961
1.214751460233398,1.2479010658499126,1.280492215219699,6.436436436436437,model_50,1.2482992811981983
1.2154766902813419,1.2486266576350094,1.2811896043857325,6.446446446446447,model_50,1.249044387116116
1.2162019203292858,1.2493376769188522,1.281886993551766,6.456456456456457,model_50,1.2497892662252252
1.2169271503772296,1.2500404895356922,1.2825843827177996,6.466466466466467,model_50,1.2505338568038038
1.2176523804251735,1.2507433021525323,1.2832817718838332,6.476476476476477,model_50,1.2512781713683685
1.2183776104731177,1.2514664788469838,1.2839791610498668,6.486486486486487,model_50,1.252022251
1.2191028405210615,1.2521909926156942,1.2846765502159003,6.496496496496497,model_50,1.2527661048288288
1.2198267690973799,1.2529103329971614,1.285373939381934,6.506506506506507,model_50,1.2535096629369369
1.2205438268115478,1.253604220548897,1.2860713285479672,6.516516516516517,model_50,1.254252949936937
1.2212608845257158,1.2542981081006324,1.2867789469336162,6.526526526526527,model_50,1.2549960072942943
1.2219779422398838,1.254991995652368,1.287494980774554,6.536536536536537,model_50,1.2557388385475474
1.2226949999540515,1.2556858832041033,1.2882110146154917,6.546546546546547,model_50,1.256481368063063
1.2234120576682195,1.256401736338519,1.2889270484564295,6.556556556556557,model_50,1.2572236326076076
1.2241291153823874,1.2571200335871537,1.2896430822973672,6.566566566566567,model_50,1.2579656733603604
1.224904680904613,1.2578336300459458,1.290359116138305,6.576576576576577,model_50,1.2587074781711711
1.2256299109525568,1.2585356503210638,1.2910674435004292,6.586586586586587,model_50,1.2594489864874876
1.226337149993838,1.2592376705961823,1.2917443297608102,6.596596596596597,model_50,1.2601902374404403
1.2270435402701305,1.2599396908713003,1.2924212160211912,6.606606606606607,model_50,1.2609312652882882
1.227749930546423,1.2606417111464188,1.2931266260356242,6.616616616616617,model_50,1.2616720471931933
1.2284563208227155,1.261358498735842,1.2938426520586273,6.626626626626627,model_50,1.2624125391131131
1.229162711099008,1.2620783668977453,1.2945586780816298,6.636636636636637,model_50,1.263152780831832
1.2298691013753005,1.262787666003346,1.2952747041046324,6.646646646646647,model_50,1.263892801108108
1.2305826348098987,1.2634890238027792,1.295990730127635,6.656656656656657,model_50,1.2646325633303304
1.2312996925240667,1.264198741489441,1.2967067561506376,6.666666666666667,model_50,1.2653720423333334
1.2320167502382346,1.2649205550172438,1.2974227821736402,6.676676676676677,model_50,1.2661112794974976
1.2327338079524024,1.2656316051261107,1.2981348886535953,6.686686686686687,model_50,1.2668502965545547
1.2334508656665704,1.2663201832010886,1.298841824546804,6.696696696696697,model_50,1.2675890422762763
1.2341679233807383,1.2670333555958373,1.299545436863454,6.706706706706707,model_50,1.2683275135375376
1.2348780773309944,1.267752200555961,1.300249049180104,6.716716716716717,model_50,1.2690657508258258
1.2355982767038678,1.268471045516085,1.300952661496754,6.726726726726727,model_50,1.2698037693483484
1.2363192144098551,1.2691770303424241,1.3016562738134039,6.736736736736737,model_50,1.2705415020670672
1.237043272767588,1.2698898486842602,1.3023674617353045,6.746746746746747,model_50,1.2712789694484485
1.237753211951578,1.2706043629278296,1.3030842365010304,6.756756756756757,model_50,1.2720162115405407
1.238470269665746,1.271321566990075,1.3037955093504663,6.766766766766767,model_50,1.2727532331661662
1.2391873273799139,1.272033589743266,1.3044962778940994,6.776776776776777,model_50,1.2734899567717717
1.2399043850940816,1.272745803889988,1.3051970464377325,6.786786786786787,model_50,1.2742264257927927
1.2406214428082496,1.2734580180367097,1.3058978149813656,6.796796796796797,model_50,1.2749626777017016
1.2413385005224176,1.2741659669992667,1.306598583524999,6.806806806806807,model_50,1.2756986924364364
1.2420555582365855,1.2748621695327325,1.307299352068632,6.816816816816817,model_50,1.2764344190960961
1.2427726159507533,1.2755583720661985,1.3080001206122651,6.826826826826827,model_50,1.2771699002652652
1.2434896736649212,1.2762605973953245,1.3087008891558982,6.836836836836837,model_50,1.2779051663693692
1.2442067313790892,1.2769659352974416,1.3094016576995313,6.846846846846847,model_50,1.2786401762792792
1.2449237890932572,1.277655793334464,1.3101163375872642,6.856856856856857,model_50,1.279374909952953
1.2456408468074252,1.2783712651047598,1.3108365179942412,6.866866866866867,model_50,1.280109408961962
1.246357904521593,1.279091438514327,1.3115566984012181,6.876876876876877,model_50,1.280843693228228
1.2470749622357609,1.2798117386370436,1.312276878808195,6.886886886886887,model_50,1.2815777024614614
1.2477920199499288,1.2805385094820974,1.312997059215172,6.896896896896897,model_50,1.282311447023023
1.2485090776640968,1.2812536669595411,1.3136921709582947,6.906906906906907,model_50,1.2830449675735736
1.2492261353782648,1.2819726390051924,1.3143790010874203,6.916916916916917,model_50,1.2837782746976976
1.2499431930924325,1.282689512043207,1.315065831216546,6.926926926926927,model_50,1.284511285964965
1.2506602508066005,1.2833982629123923,1.3157526613456718,6.936936936936937,model_50,1.2852440457297298
1.2513773085207684,1.2841212343773094,1.3164394914747974,6.946946946946947,model_50,1.2859765928428428
1.2520943662349364,1.2848407648560913,1.317126321603923,6.956956956956957,model_50,1.2867089062712713
1.2528114239491042,1.2855557788111553,1.3178131517330487,6.966966966966967,model_50,1.2874409344114115
1.2535284816632721,1.2862711814755259,1.3184999818621745,6.976976976976977,model_50,1.288172723133133
1.25424553937744,1.2869900868244246,1.3191868119913002,6.986986986986987,model_50,1.2889043011311312
1.254962597091608,1.2877023009711466,1.3198736421204258,6.996996996996997,model_50,1.289635621828829
1.255679654805776,1.288418195035659,1.3205604722495516,7.007007007007007,model_50,1.290366671978979
1.2563967125199438,1.2891459218233001,1.321250904534518,7.017017017017017,model_50,1.2910974952932932
1.2571137702341117,1.2898564518213866,1.3219513898642425,7.027027027027027,model_50,1.2918281084864864
1.2578308279482797,1.2905608764966026,1.3226518751939675,7.037037037037037,model_50,1.2925584394814815
1.2585478856624477,1.2912758904516666,1.3233523605236925,7.047047047047047,model_50,1.2932885163423424
1.2592649433766157,1.2919909044067306,1.3240528458534175,7.057057057057057,model_50,1.294018377858859
1.2599820010907834,1.2927059183617944,1.3247533311831425,7.067067067067067,model_50,1.294748017942943
1.2606990588049514,1.2934178073763658,1.3254538165128675,7.077077077077077,model_50,1.295477370004004
1.2614161165191193,1.2941212880146924,1.326154301842592,7.087087087087087,model_50,1.2962064821441441
1.2621331742332873,1.2948295496619626,1.326854787172317,7.097097097097097,model_50,1.2969353862852855
1.2628502319474553,1.2955360489211387,1.327555272502042,7.107107107107107,model_50,1.2976640425015016
1.263567289661623,1.2962441454415803,1.328255757831767,7.117117117117117,model_50,1.2983924277837837
1.264284347375791,1.2969496739276352,1.328956243161492,7.127127127127127,model_50,1.2991205865585587
1.2650177851280904,1.2976639220198378,1.329656728491217,7.137137137137137,model_50,1.2998485379189189
1.2657563931839824,1.298383427166226,1.330357213820942,7.147147147147147,model_50,1.3005762125375375
1.2664950012398744,1.2990952585338549,1.3310629377834433,7.157157157157157,model_50,1.3013036347947948
1.2671945802069216,1.2998092066057394,1.3317736921061234,7.167167167167167,model_50,1.3020308435075076
1.2678934967540025,1.3005221556121398,1.3324844464288035,7.177177177177177,model_50,1.3027578350420421
1.2685924133010833,1.3012343697588615,1.3331952007514836,7.187187187187187,model_50,1.303484539012012
1.2692913298481643,1.3019465839055835,1.3339059550741634,7.197197197197197,model_50,1.304211007085085
1.2699902463952453,1.3026587980523052,1.3346167093968435,7.207207207207207,model_50,1.3049372704684685
1.2707378668033023,1.3033685311057335,1.3353274637195236,7.217217217217217,model_50,1.3056632854184185
1.2714549245174702,1.3040668526152808,1.33603086235759,7.227227227227227,model_50,1.3063890333923924
1.2721719822316382,1.304765174124828,1.3367316309012232,7.237237237237237,model_50,1.3071145601501502
1.2728890399458062,1.3054634956343758,1.3374323994448563,7.247247247247247,model_50,1.3078398827767768
1.273606097659974,1.306161817143923,1.3381331679884894,7.257257257257257,model_50,1.3085649240680681
1.2743231553741419,1.3068601386534704,1.3388339365321225,7.267267267267267,model_50,1.3092897201441442
1.2750287108476006,1.3075649836172065,1.3395347050757558,7.277277277277277,model_50,1.310014308878879
1.2757295237086017,1.308293138174836,1.3402354736193889,7.287287287287287,model_50,1.3107386733473474
1.276443093979073,1.3090117603292204,1.340936242163022,7.297297297297297,model_50,1.3114627579189189
1.2771612102101493,1.3097207148261913,1.341637010706655,7.307307307307307,model_50,1.312186615046046
1.2778793264412256,1.3104220346852524,1.3423377792502882,7.317317317317317,model_50,1.312910270039039
1.278597442672302,1.3111373898802587,1.34306528554812,7.327327327327327,model_50,1.3136336662072072
1.2793155589033782,1.311850826314586,1.3437818922748006,7.337337337337337,model_50,1.3143568055625625
1.2800336751344545,1.3125700708177825,1.3444608468328534,7.347347347347347,model_50,1.3150797316886886
1.2807517913655306,1.3132853817063854,1.3451398013909062,7.357357357357357,model_50,1.3158024552072072
1.281469907596607,1.3140023658197375,1.3458187559489587,7.367367367367367,model_50,1.3165248876476476
1.2821880238276833,1.3147278043273718,1.3464977105070115,7.377377377377377,model_50,1.3172470874474476
1.2829061400587596,1.3154376118973488,1.347199610837277,7.387387387387387,model_50,1.3179690875855856
1.2836427310030152,1.316141546073332,1.3479184053290953,7.397397397397397,model_50,1.3186908476396397
1.2843619633724928,1.3168632123059425,1.3486371998209137,7.407407407407407,model_50,1.3194123413333332
1.2850790210866607,1.3175730508765449,1.3493559943127318,7.4174174174174174,model_50,1.3201336178918919
1.2857960788008287,1.3182728149222698,1.3500747888045501,7.4274274274274275,model_50,1.3208546960540541
1.2865131365149967,1.3189725789679947,1.3507935832963684,7.4374374374374375,model_50,1.3215754954954955
1.2872301942291644,1.319686326918796,1.3514939544011266,7.4474474474474475,model_50,1.3222960553513514
1.2879472519433324,1.3204074641170185,1.3521795099301708,7.4574574574574575,model_50,1.323016412943944
1.2886643096575003,1.3211116039727284,1.352865065459215,7.4674674674674675,model_50,1.3237365462592592
1.2893813673716683,1.3218142683038465,1.3535506209882588,7.4774774774774775,model_50,1.3244564057297297
1.2900984250858363,1.3225169326349648,1.354236176517303,7.4874874874874875,model_50,1.325176045013013
1.290815482800004,1.3232195969660832,1.3549217320463471,7.4974974974974975,model_50,1.3258954876516515
1.291532540514172,1.3239222612972013,1.355607287575391,7.5075075075075075,model_50,1.3266146648288288
1.29224959822834,1.3246272133393784,1.3563078344535375,7.5175175175175175,model_50,1.327333597031031
1.292966655942508,1.3253419928580235,1.3570539186665838,7.5275275275275275,model_50,1.3280523251191192
1.2936837136566757,1.3260679080773885,1.3577546872102169,7.5375375375375375,model_50,1.3287708397267268
1.2944007713708436,1.3267738869871184,1.35845545575385,7.5475475475475475,model_50,1.3294890752702702
1.2951178290850116,1.3274798658968483,1.359156224297483,7.5575575575575575,model_50,1.33020709006006
1.2958348867991796,1.3281858448065784,1.3598544122992866,7.5675675675675675,model_50,1.3309249102162162
1.2965503484492091,1.328891823716308,1.3605566808964482,7.5775775775775776,model_50,1.3316424730900902
1.2972684646802854,1.3295978026260382,1.3612585299283826,7.5875875875875876,model_50,1.3323597887597598
1.2979865809113618,1.3303037815357681,1.3619592984720157,7.597597597597598,model_50,1.333076898864865
1.298704697142438,1.331009760445498,1.3626600670156488,7.607607607607608,model_50,1.3337938036896897
1.2994228133735144,1.331715739355228,1.363360835559282,7.617617617617618,model_50,1.3345104262072072
1.3001409296045905,1.3324217182649578,1.364061604102915,7.627627627627628,model_50,1.3352268293063063
1.3008590458356668,1.3331408572880148,1.364762372646548,7.637637637637638,model_50,1.3359430392572573
1.3015771620667431,1.333846836785211,1.3654631411901812,7.647647647647648,model_50,1.336658996934935
1.3022952782978194,1.3345396549941475,1.3661639097338145,7.657657657657658,model_50,1.3373747062792793
1.3030133945288958,1.3352456339038774,1.3668646782774474,7.667667667667668,model_50,1.3380902109459458
1.303731510759972,1.3359516128136073,1.3675654468210807,7.677677677677678,model_50,1.3388055145485485
1.3044496269910484,1.3366575917233372,1.3682847766690962,7.687687687687688,model_50,1.3395205355615616
1.3051677432221245,1.337363570633067,1.3690051754753951,7.697697697697698,model_50,1.3402353384854855
1.3058858594532008,1.338069549542797,1.369725574281694,7.707707707707708,model_50,1.340949950027027
1.306603975684277,1.338775528452527,1.370445973087993,7.717717717717718,model_50,1.34166431075976
1.3073220919153534,1.3394815073622568,1.371166371894292,7.727727727727728,model_50,1.3423784245935935
1.3080402081464297,1.3401887931734762,1.3718867707005908,7.737737737737738,model_50,1.3430923374094093
1.308758324377506,1.3408934651817166,1.3726071695068902,7.747747747747748,model_50,1.3438060476756757
1.3094764406085824,1.3415994440914465,1.3733275683131891,7.757757757757758,model_50,1.344519477055055
1.3101945568396587,1.3423054230011764,1.374047967119488,7.767767767767768,model_50,1.3452326923823825
1.310912673070735,1.3430114019109065,1.374768365925787,7.777777777777778,model_50,1.3459457177777778
1.3116307893018113,1.3437173808206362,1.3754840648255107,7.787787787787788,model_50,1.3466584904904906
1.3123489055328874,1.3444233597303663,1.3761948926316565,7.797797797797798,model_50,1.347371019954955
1.3130670217639637,1.3451293386400962,1.3769057204378023,7.807807807807808,model_50,1.3480833514264263
1.31378513799504,1.345835317549826,1.3776165482439482,7.817817817817818,model_50,1.3487954767607606
1.3145032542261164,1.346541296459556,1.378327376050094,7.827827827827828,model_50,1.3495073264844846
1.3152213704571927,1.347247275369286,1.3790382038562399,7.837837837837838,model_50,1.3502189657027026
1.315939486688269,1.3479532542790158,1.3797490316623857,7.847847847847848,model_50,1.3509304167617617
1.3166576029193453,1.3486592331887457,1.3804598594685316,7.857857857857858,model_50,1.3516416095095096
1.3173757191504214,1.3493652120984756,1.3811644655948472,7.867867867867868,model_50,1.3523525656156155
1.3180938353814977,1.3500711910082055,1.3818680779114971,7.877877877877878,model_50,1.3530633277827828
1.318811951612574,1.3507771699179354,1.382571690228147,7.887887887887888,model_50,1.353773876971972
1.3195300678436503,1.3514831488276653,1.383275302544797,7.897897897897898,model_50,1.3544841575435436
1.3202481840747267,1.352184642711417,1.383978914861447,7.907907907907908,model_50,1.3551942316776775
1.320966300305803,1.3528754619035985,1.384682527178097,7.917917917917918,model_50,1.3559041210230232
1.3216844165368793,1.35356628109578,1.3853861394947469,7.927927927927928,model_50,1.3566137403783782
1.3224025327679556,1.3542772719024856,1.3860897518113968,7.937937937937938,model_50,1.3573231346216217
1.323120648999032,1.3549831737242688,1.3867933641280468,7.947947947947948,model_50,1.3580323397307308
1.3238387652301082,1.3557043132429523,1.3874969764446967,7.957957957957958,model_50,1.3587413198858858
1.3245568814611843,1.3564194043407758,1.3882005887613467,7.967967967967968,model_50,1.3594500422602602
1.3252749976922606,1.3571088276537258,1.3889042010779966,7.977977977977978,model_50,1.360158564134134
1.325993113923337,1.3577982509666755,1.3896078133946466,7.987987987987988,model_50,1.3608669032372371
1.3267112301544133,1.358491249295558,1.3903114257112965,7.997997997997998,model_50,1.3615749576016016
1.3274293463854896,1.3592010555934608,1.3910150380279465,8.008008008008009,model_50,1.3622828006446448
1.328147462616566,1.3599170727715928,1.3917186503445964,8.018018018018019,model_50,1.3629904597207207
1.3288655788476422,1.3606330899497248,1.3924222626612464,8.028028028028029,model_50,1.3636978784314315
1.3295836950787185,1.3613478582704017,1.3931258749778963,8.038038038038039,model_50,1.364405053886887
1.3303018113097949,1.3620474741963098,1.3938294872945463,8.048048048048049,model_50,1.3651120355405406
1.3310048084339938,1.3627470901222174,1.3945330996111962,8.058058058058059,model_50,1.3658188195195196
1.3316965302087262,1.3634467060481255,1.3952367119278462,8.068068068068069,model_50,1.3665253286766768
1.3323882519834587,1.3641503631719696,1.395940324244496,8.078078078078079,model_50,1.367231634915916
1.333079973758191,1.3648657566342906,1.396643936561146,8.088088088088089,model_50,1.3679377597927929
1.333773838013438,1.3655633215194067,1.397347548877796,8.098098098098099,model_50,1.3686436247557558
1.3344694541797806,1.3662758293450101,1.398051161194446,8.108108108108109,model_50,1.369349263864865
1.335165070346123,1.3669767145136946,1.398754773511096,8.118118118118119,model_50,1.3700547163373376
1.3358606865124656,1.3676957293792644,1.3994583858277458,8.128128128128129,model_50,1.3707599502472474
1.336556302678808,1.3684199861633761,1.4001619981443958,8.138138138138139,model_50,1.3714649274054054
1.3372519188451506,1.369132621570913,1.4008706768129353,8.148148148148149,model_50,1.3721697094814815
1.337947535011493,1.369838600480643,1.4015929705896883,8.158158158158159,model_50,1.3728743121991993
1.3386626452644803,1.3705445793903728,1.4023152643664412,8.168168168168169,model_50,1.3735786301891892
1.339382127998653,1.371250558300103,1.4030375581431942,8.178178178178179,model_50,1.3742827442432433
1.340078532082281,1.3719565372098328,1.403759851919947,8.188188188188189,model_50,1.3749866787557559
1.340774936165909,1.3726625161195627,1.4044821456967,8.198198198198199,model_50,1.3756903691441442
1.341471340249537,1.3733684950292926,1.4052044394734529,8.208208208208209,model_50,1.3763938256406405
1.342167744333165,1.374090473688779,1.405926733250206,8.218218218218219,model_50,1.3770970947717718
1.342864148416793,1.3748160475323457,1.4066490270269587,8.228228228228229,model_50,1.3778001583933934
1.3435605525004208,1.3755341637634217,1.4073713208037117,8.238238238238239,model_50,1.3785029586916917
1.3442569565840488,1.3762518611428805,1.4080936145804646,8.248248248248249,model_50,1.3792055644494496
1.344953360667677,1.3769655759251984,1.4088159083572176,8.258258258258259,model_50,1.3799079928528528
1.3456497647513048,1.3776792907075164,1.4095382021339704,8.268268268268269,model_50,1.3806101471631633
1.3463436488340872,1.378387084781559,1.4102604959107234,8.278278278278279,model_50,1.3813120938068069
1.3470344207131748,1.3790912585139306,1.4109827896874763,8.288288288288289,model_50,1.3820138610180182
1.3477339504830632,1.3797842496154762,1.4117050834642293,8.298298298298299,model_50,1.3827153927867868
1.3484353810858165,1.3804616376296734,1.412427377240982,8.308308308308309,model_50,1.383416687031031
1.3491317851694447,1.3811531552457115,1.4131496710177351,8.318318318318319,model_50,1.3841177957147148
1.3498281892530726,1.3818482372181982,1.413871964794488,8.328328328328329,model_50,1.384818705728729
1.3505245933367005,1.3825670317100165,1.4145942585712408,8.338338338338339,model_50,1.3855193497987988
1.3512209974203284,1.3832858262018346,1.4153165523479938,8.348348348348349,model_50,1.3862198013003002
1.3519174015039566,1.384004620693653,1.4160388461247466,8.358358358358359,model_50,1.3869200782872873
1.3526138055875845,1.3847189439787688,1.4167611399014997,8.368368368368369,model_50,1.387620083852853
1.3533102096712124,1.38543076020403,1.4174834336782525,8.378378378378379,model_50,1.3883198834594594
1.3540066137548403,1.3861371875252566,1.4182057274550055,8.388388388388389,model_50,1.3890195062702702
1.3547030178384682,1.3868413978377963,1.4189280212317583,8.398398398398399,model_50,1.3897188934244245
1.3553994219220964,1.3875387474430239,1.4196503150085114,8.408408408408409,model_50,1.3904180473783783
1.3560958260057243,1.3882482709901263,1.4203726087852642,8.418418418418419,model_50,1.391117018015015
1.3567922300893522,1.3889459764527843,1.4210949025620172,8.428428428428429,model_50,1.3918157881751752
1.3574886341729802,1.3896467346820178,1.42181719633877,8.438438438438439,model_50,1.3925142972312312
1.358185038256608,1.3903553520778722,1.422539490115523,8.448448448448449,model_50,1.3932126175395396
1.3588814423402362,1.391062017294786,1.4232617838922759,8.458458458458459,model_50,1.3939107661931933
1.3595778464238641,1.3917654538709512,1.423984077669029,8.468468468468469,model_50,1.3946086376486486
1.360274250507492,1.392468890447116,1.4247063714457817,8.478478478478479,model_50,1.3953063108618617
1.3609863890983311,1.3931816161946742,1.4254286652225348,8.488488488488489,model_50,1.3960038113543543
1.3617099533591177,1.3938809289147625,1.4261509589992876,8.498498498498499,model_50,1.3967010691171171
1.362433517619904,1.3945802416348507,1.4268732527760406,8.508508508508509,model_50,1.3973981028508509
1.3631570818806906,1.3952898780090743,1.4275955465527934,8.518518518518519,model_50,1.3980949581851854
1.3638735658052275,1.3960158372183735,1.4283178403295462,8.528528528528529,model_50,1.3987916029459462
1.3645752882105389,1.3967417964276727,1.4290401341062993,8.538538538538539,model_50,1.399487997825826
1.3652770106158503,1.3974568985361047,1.429762427883052,8.548548548548549,model_50,1.400184209003003
1.3659787330211617,1.3981846305742418,1.4304847216598051,8.558558558558559,model_50,1.4008802437027028
1.3666804554264733,1.398912362612379,1.4311812675148645,8.568568568568569,model_50,1.4015760007957958
1.3673821778317847,1.3996375626631512,1.4318801370038445,8.578578578578579,model_50,1.4022715705325326
1.3680860317384507,1.4003578627858677,1.4325859086563648,8.588588588588589,model_50,1.40296697178979
1.3688049148953338,1.4010547983438597,1.4332916803088853,8.598598598598599,model_50,1.4036621135655658
1.3695237980522172,1.4017500299952725,1.4339974519614058,8.608608608608609,model_50,1.40435704793994
1.3702426812091004,1.4024452616466851,1.4347032236139263,8.618618618618619,model_50,1.4050518091921924
1.3709615643659836,1.4031404932980978,1.4354089952664468,8.62862862862863,model_50,1.4057463432942943
1.3716804475228668,1.4038357249495104,1.4361147669189673,8.63863863863864,model_50,1.4064406443793793
1.37239933067975,1.4045493919410026,1.4368205385714876,8.64864864864865,model_50,1.4071347692162162
1.3731182138366331,1.4052770104054997,1.4375263102240081,8.65865865865866,model_50,1.4078286964134135
1.3738370969935163,1.4059896648480923,1.4382320818765286,8.66866866866867,model_50,1.4085223657267267
1.3745559801503995,1.4066975176463599,1.4389378535290491,8.67867867867868,model_50,1.4092158552942944
1.3752748633072827,1.4074053704446272,1.4396436251815696,8.68868868868869,model_50,1.4099091776606607
1.3759937464641658,1.4081132232428946,1.44034939683409,8.6986986986987,model_50,1.4106022178698698
1.376704116838034,1.408817270228276,1.4410551684866104,8.70870870870871,model_50,1.4112950734354355
1.3774015060040676,1.4095119208784173,1.441760940139131,8.71871871871872,model_50,1.4119877634104103
1.3780988951701012,1.4102065715285586,1.4424667117916514,8.72872872872873,model_50,1.412680199894895
1.3787962843361348,1.4108998863236235,1.443172483444172,8.73873873873874,model_50,1.4133724283963964
1.3794936735021683,1.4115929124115068,1.4438782550966924,8.74874874874875,model_50,1.4140644872452452
1.380191062668202,1.4123086726522753,1.4445840267492127,8.75875875875876,model_50,1.4147563212042042
1.3808884518342355,1.4130244328930441,1.4452897984017332,8.76876876876877,model_50,1.4154479243273275
1.381585841000269,1.4137374862260317,1.4459955700542537,8.77877877877878,model_50,1.4161393549299301
1.3822832301663026,1.4144255615059684,1.4467013417067742,8.78878878878879,model_50,1.416830587806807
1.3829861559341168,1.41512253527921,1.4474071133592947,8.7987987987988,model_50,1.4175215672462462
1.3837052806090329,1.4158421816174516,1.448112885011815,8.80880880880881,model_50,1.4182123707297296
1.3844244052839492,1.416557047746756,1.448822351981078,8.81881881881882,model_50,1.4189030037117116
1.3851476925868105,1.4172723136362433,1.449538343067479,8.82882882882883,model_50,1.4195933602882884
1.3858770482455347,1.4179875882172344,1.4502543341538803,8.83883883883884,model_50,1.4202835385375374
1.386606403904259,1.4187161766525893,1.4509703252402817,8.84884884884885,model_50,1.4209735534604606
1.3873357595629832,1.4194361645305462,1.4516863163266829,8.85885885885886,model_50,1.4216633067237239
1.3880651152217072,1.4201467208134406,1.4524096995049849,8.86886886886887,model_50,1.4223528643713714
1.3887944708804314,1.420844426484217,1.453135186750167,8.87887887887888,model_50,1.42304225707007
1.3895238265391556,1.4215404446194997,1.453860673995349,8.88888888888889,model_50,1.4237314136666668
1.3902531821978799,1.4222364627547823,1.454586161240531,8.8988988988989,model_50,1.4244203532492492
1.390982537856604,1.422932480890065,1.4553116484857131,8.90890890890891,model_50,1.425109124840841
1.3917118935153283,1.4236284990253476,1.4560371357308952,8.91891891891892,model_50,1.425797685945946
1.3924412491740523,1.4243394890117174,1.4567626229760773,8.92892892892893,model_50,1.4264860091891893
1.3931706048327765,1.4250545029667814,1.4574881102212593,8.93893893893894,model_50,1.427174161675676
1.3938999604915008,1.4257695169218452,1.4582135974664414,8.94894894894895,model_50,1.4278621285705708
1.394629316150225,1.4264925910082569,1.4589390847116235,8.95895895895896,model_50,1.4285498363133133
1.3953560969519132,1.427199544831973,1.4596645719568055,8.96896896896897,model_50,1.4292373724894893
1.3960614211704312,1.427914558787037,1.4603900592019872,8.97897897897898,model_50,1.4299247456516517
1.3967667453889492,1.428621881176137,1.4611075568830123,8.98898898898899,model_50,1.4306118404284283
1.3974720696074672,1.429327523823908,1.4618151084704314,8.998998998999,model_50,1.4312987615095094
1.3981773938259852,1.4300331664716792,1.4625226600578505,9.00900900900901,model_50,1.4319855222702704
1.3988827180445031,1.4307465964083275,1.4632302116452696,9.01901901901902,model_50,1.4326720235015016
1.3995880422630211,1.43146889595382,1.463937763232689,9.02902902902903,model_50,1.4333583336476476
1.4002933664815391,1.4321802183839867,1.4646453148201082,9.03903903903904,model_50,1.4340444822192193
1.4010016582106233,1.432888071182254,1.4653528664075273,9.04904904904905,model_50,1.4347303927457458
1.4017256993755391,1.4335959239805216,1.4660604179949464,9.05905905905906,model_50,1.435416093016016
1.4024497405404546,1.4343069390568897,1.4667679695823654,9.06906906906907,model_50,1.4361016313123123
1.4031737817053704,1.4350135065486498,1.4674755211697845,9.07907907907908,model_50,1.4367869523723724
1.4038960801881903,1.4357311258734262,1.4681830727572036,9.08908908908909,model_50,1.4374720454414414
1.4046342048660208,1.43644673435475,1.4688906243446227,9.0990990990991,model_50,1.4381569746576577
1.4053723295438514,1.437144506688425,1.4695981759320418,9.10910910910911,model_50,1.4388417073903903
1.4060740639450813,1.437852687373713,1.4703057275194609,9.11911911911912,model_50,1.439526195039039
1.4067743732869404,1.4385705893901386,1.4710320918047493,9.12912912912913,model_50,1.4402105162642642
1.4074746826287996,1.4392841062442958,1.4717694753132364,9.13913913913914,model_50,1.4408946627227228
1.4081749919706588,1.4399871431927471,1.472506858821724,9.14914914914915,model_50,1.441578545911912
1.4088753013125177,1.4406901801411984,1.4732442423302112,9.15915915915916,model_50,1.442262261972973
1.4095937689060152,1.4414014014228813,1.4739816258386984,9.16916916916917,model_50,1.4429458216366366
1.4103034771136123,1.4421011974887452,1.474708840919258,9.17917917917918,model_50,1.4436291029049049
1.410997413985457,1.4428009935546091,1.4754318115967662,9.18918918918919,model_50,1.444312215891892
1.411691350857302,1.443500789620473,1.4761326450711771,9.1991991991992,model_50,1.4449951724844845
1.412385287729147,1.4442053648834547,1.4768296076366245,9.20920920920921,model_50,1.4456778696216215
1.4130792246009918,1.444908401831906,1.477526570202072,9.21921921921922,model_50,1.446360382117117
1.4137774667055316,1.4456114387803574,1.4782235327675193,9.22922922922923,model_50,1.4470427384854854
1.4144777760473908,1.4463195623472251,1.4789204953329667,9.23923923923924,model_50,1.4477248518488488
1.41517808538925,1.4470401178786103,1.4796174578984145,9.24924924924925,model_50,1.4484067655825825
1.4158783947311089,1.4477606734099955,1.4803259597827332,9.25925925925926,model_50,1.449088522814815
1.416578704072968,1.4484812289413806,1.4810419508691344,9.26926926926927,model_50,1.4497700544404404
1.4172790134148272,1.4492017844727658,1.4817579419555356,9.27927927927928,model_50,1.4504513713063063
1.4179793227566864,1.4499063686668823,1.4824739330419368,9.28928928928929,model_50,1.4511325304814815
1.4186796320985455,1.4506004608285414,1.4831899241283382,9.2992992992993,model_50,1.4518134805545544
1.4193799414404045,1.4513057607283686,1.4839059152147394,9.30930930930931,model_50,1.4524942023063063
1.4200802507822636,1.4520165967251126,1.4846219063011405,9.31931931931932,model_50,1.4531747663583583
1.4207805601241228,1.4527330555825815,1.485337897387542,9.32932932932933,model_50,1.453855137057057
1.4214799097663147,1.4534495144400503,1.4860538884739432,9.33933933933934,model_50,1.4545352656006005
1.4221713026563227,1.4541542560739904,1.4867698795603443,9.34934934934935,model_50,1.4552152346676677
1.4228626955463308,1.4548377761361955,1.4874923175543027,9.35935935935936,model_50,1.4558950270300302
1.423554088436339,1.455537222831979,1.4882207573555888,9.36936936936937,model_50,1.4565745632702705
1.424245481326347,1.4562422536883788,1.4889491971568747,9.37937937937938,model_50,1.4572539402232232
1.424936874216355,1.4569373918331983,1.4896776369581606,9.38938938938939,model_50,1.4579331554824826
1.4256282671063631,1.4576406117908336,1.4903909239800177,9.3993993993994,model_50,1.4586121012642643
1.4263196599963714,1.4583367667367564,1.4910905792083695,9.40940940940941,model_50,1.4592908871701702
1.4270110528863793,1.4590499871754317,1.491790234436721,9.41941941941942,model_50,1.4599695226556557
1.4277024457763876,1.4597710365467602,1.4924978082515543,9.42942942942943,model_50,1.4606478824294293
1.4283938386663957,1.4604918082926666,1.4932137993379557,9.43943943943944,model_50,1.4613260804054056
1.4290852315564038,1.4612021831129507,1.493929790424357,9.44944944944945,model_50,1.462004127852853
1.4297766244464118,1.461910035911218,1.494645781510758,9.45945945945946,model_50,1.4626819124324324
1.4304693349706952,1.4626178887094854,1.4953617725971595,9.46946946946947,model_50,1.463359524062062
1.4311689901990468,1.463325741507753,1.4960777636835607,9.47947947947948,model_50,1.4640369854204203
1.4318686454273983,1.464026195549596,1.496793754769962,9.48948948948949,model_50,1.4647141959429428
1.4325683006557501,1.4647200796434001,1.4975034544559183,9.4994994994995,model_50,1.4653912230990993
1.4332679558841017,1.4654339135521495,1.4982110060433373,9.50950950950951,model_50,1.4660680994254254
1.4339676111124533,1.4661493844354863,1.4989185576307564,9.51951951951952,model_50,1.46674473696997
1.4346672663408049,1.46686500549909,1.4996261092181755,9.52952952952953,model_50,1.4674211805815818
1.4353684446207777,1.4675803262021596,1.500333660805595,9.53953953953954,model_50,1.4680974738308308
1.4360944764901185,1.4682940307349044,1.5010412123930141,9.54954954954955,model_50,1.4687735404774775
1.436820508359459,1.4689953885343376,1.5017487639804332,9.55955955955956,model_50,1.4694494024744744
1.4375465402287995,1.4696967463337711,1.5024563155678523,9.56956956956957,model_50,1.4701251146546548
1.4382725720981402,1.470412977859851,1.5031638671552714,9.57957957957958,model_50,1.4708006105675675
1.438998603967481,1.4711305765642448,1.5038714187426905,9.58958958958959,model_50,1.4714758927957958
1.4397246358368214,1.4718481752686392,1.5045789703301096,9.5995995995996,model_50,1.472151024954955
1.4404506677061621,1.4725517490101792,1.5052865219175287,9.60960960960961,model_50,1.4728259512012012
1.4411766995755027,1.4732573770834945,1.5059940735049477,9.61961961961962,model_50,1.4735006555635637
1.4419027314448434,1.4739705132219585,1.5067016250923668,9.62962962962963,model_50,1.4741752097037037
1.4426287633141839,1.4746934125129953,1.5074091766797864,9.63963963963964,model_50,1.4748495673873874
1.4433547951835246,1.4754163118040322,1.5081167282672054,9.64964964964965,model_50,1.475523694830831
1.4440808270528651,1.4761385993664842,1.5088242798546245,9.65965965965966,model_50,1.4761976729189188
1.4448068589222058,1.476840344985871,1.5095318314420436,9.66966966966967,model_50,1.4768714621681682
1.4455328907915463,1.4775610185601769,1.5102393830294627,9.67967967967968,model_50,1.4775450155425425
1.446258922660887,1.478264455136342,1.5109469346168818,9.68968968968969,model_50,1.4782184196186188
1.4469849545302276,1.4789678917125069,1.5116544862043009,9.6996996996997,model_50,1.4788916424834835
1.4477109863995683,1.4796912773730977,1.51236203779172,9.70970970970971,model_50,1.479564621812813
1.4484059256826942,1.4804126456937423,1.513069589379139,9.71971971971972,model_50,1.480237452848849
1.4490995542377623,1.4811263079650445,1.5137771409665581,9.72972972972973,model_50,1.4809101103783784
1.4497931827928303,1.4818228846042638,1.5144846925539777,9.73973973973974,model_50,1.4815825175895896
1.4504868113478984,1.482530677219392,1.5151922441413967,9.74974974974975,model_50,1.4822547775935937
1.4511804399029669,1.483234748240638,1.5158997957288158,9.75975975975976,model_50,1.482926870861862
1.451874068458035,1.4839414295352975,1.516607347316235,9.76976976976977,model_50,1.4835987078908908
1.452567697013103,1.4846621374437001,1.517314898903654,9.77977977977978,model_50,1.484270398870871
1.453261325568171,1.4853620396781233,1.518022450491073,9.78978978978979,model_50,1.484941927963964
1.453954954123239,1.4860733388244376,1.5187300020784922,9.7997997997998,model_50,1.4856131967347348
1.4546485826783075,1.4867774329101608,1.5194375536659113,9.80980980980981,model_50,1.4862843197177178
1.4553422112333756,1.487485225525289,1.5201451052533304,9.81981981981982,model_50,1.4869552866486486
1.4560358397884436,1.4881912755536273,1.5208526568407494,9.82982982982983,model_50,1.4876259881561562
1.4567294683435117,1.4888972544633572,1.521560208428169,9.83983983983984,model_50,1.4882965451271273
1.4574246281814949,1.489606048805883,1.522267760015588,9.84984984984985,model_50,1.488966950948949
1.458140787497924,1.4903176991153861,1.5229753116030071,9.85985985985986,model_50,1.48963708715015
1.4588610876206403,1.4910344394921216,1.523696452855436,9.86986986986987,model_50,1.4903070791301303
1.4595813877433566,1.491751179868857,1.52442467876191,9.87987987987988,model_50,1.4909769238858859
1.4603016878660728,1.4924475239878006,1.525152904668384,9.88988988988989,model_50,1.4916464967347347
1.4610219879887896,1.4931621772164654,1.525881130574858,9.8998998998999,model_50,1.4923159267157158
1.4617422881115059,1.4938617297390218,1.5266093564813321,9.90990990990991,model_50,1.4929852114504505
1.4624625882342221,1.4945628042377923,1.5273375823878061,9.91991991991992,model_50,1.4936542219359359
1.463181391315746,1.4952816291143654,1.5280658082942802,9.92992992992993,model_50,1.494323090924925
1.4638770074820886,1.4960002702468005,1.5287940342007544,9.93993993993994,model_50,1.4949918176456456
1.464572623648431,1.496725342856731,1.5295222601072285,9.94994994994995,model_50,1.4956602677577577
1.4652682398147736,1.4974500963311217,1.530240895398193,9.95995995995996,model_50,1.4963285767667667
1.4659638559811161,1.4981493615051207,1.5309592527647167,9.96996996996997,model_50,1.4969967454954953
1.4666594721474586,1.4988486266791197,1.5316776101312404,9.97997997997998,model_50,1.497664637218218
1.4673550883138011,1.4995478918531187,1.5323959674977643,9.98998998998999,model_50,1.4983323882492494
1.4680507044801436,1.5002636728466738,1.533114324864288,10,model_50,1.499
