CI_2.5,median,CI_97.5,position,model_no,true_age
-0.00871175299733046,0.007942439327709314,0.08750876824362915,0,model_266,0
-0.007952517337173826,0.009210204228967393,0.0893997631972161,0.01936936936936937,model_266,0.001936936936936937
-0.006492633592947009,0.011600441473276666,0.09051575118268937,0.03873873873873874,model_266,0.0038738738738738738
-0.005171879045903166,0.013049652568677466,0.09182839720887255,0.05810810810810811,model_266,0.005810810810810811
-0.003179374995613016,0.014970856443283843,0.0933807227310692,0.07747747747747748,model_266,0.0077477477477477475
-0.0011868709453228682,0.016892060317890218,0.09493304825326587,0.09684684684684684,model_266,0.009684684684684685
7.789489685456402e-4,0.018813264192496598,0.09648537377546254,0.11621621621621622,model_266,0.011621621621621623
0.00272421958415225,0.02073446806710297,0.0980376992976592,0.1355855855855856,model_266,0.013558558558558557
0.004669490199758858,0.022655671941709345,0.09959002481985586,0.15495495495495495,model_266,0.015495495495495495
0.006614760815365464,0.024576875816315725,0.10114235034205252,0.17432432432432432,model_266,0.01743243243243243
0.008560031430972077,0.026498079690922098,0.10269467586424919,0.19369369369369369,model_266,0.01936936936936937
0.010505302046578683,0.028419283565528475,0.10424700138644585,0.21306306306306305,model_266,0.021306306306306307
0.012450572662185296,0.03034048744013486,0.10579932690864251,0.23243243243243245,model_266,0.023243243243243245
0.014395843277791903,0.03226169131474123,0.10735165243083918,0.2518018018018018,model_266,0.02518018018018018
0.016341113893398512,0.034182895189347605,0.10890397795303583,0.2711711711711712,model_266,0.027117117117117114
0.01828638450900512,0.03610409906395398,0.1104563034752325,0.2905405405405405,model_266,0.029054054054054056
0.020231655124611732,0.03802530293856036,0.11200862899742917,0.3099099099099099,model_266,0.03099099099099099
0.02217692574021834,0.03994650681316674,0.11356095451962583,0.3292792792792793,model_266,0.03292792792792793
0.02412219635582495,0.04186771068777311,0.11514403953544959,0.34864864864864864,model_266,0.03486486486486487
0.026067466971431565,0.04378891456237949,0.1167292779015365,0.36801801801801803,model_266,0.0368018018018018
0.02801273758703817,0.045710118436985865,0.1183145162676234,0.38738738738738737,model_266,0.03873873873873874
0.029958008202644784,0.04763132231159224,0.11989975463371032,0.40675675675675677,model_266,0.04067567567567568
0.03190327881825139,0.04955252618619861,0.12148499299979723,0.4261261261261261,model_266,0.04261261261261261
0.033848549433858,0.051473730060804995,0.12307023136588413,0.4454954954954955,model_266,0.044549549549549546
0.03579382004946461,0.05339493393541137,0.12465546973197106,0.4648648648648649,model_266,0.04648648648648649
0.03772198902746579,0.05531613781001774,0.12624070809805796,0.48423423423423423,model_266,0.04842342342342343
0.03964436392400548,0.05723734168462412,0.12782594646414486,0.5036036036036036,model_266,0.05036036036036036
0.041566738820545165,0.059158545559230495,0.12941118483023178,0.522972972972973,model_266,0.05229729729729729
0.04348911371708485,0.06107974943383687,0.13099642319631868,0.5423423423423424,model_266,0.05423423423423423
0.04541148861362454,0.06300095330844326,0.13258166156240558,0.5617117117117117,model_266,0.05617117117117117
0.04733386351016422,0.06492215718304963,0.1341668999284925,0.581081081081081,model_266,0.05810810810810811
0.04925623840670391,0.066843361057656,0.1357521382945794,0.6004504504504504,model_266,0.06004504504504504
0.051178613303243595,0.06876456493226238,0.1373373766606663,0.6198198198198198,model_266,0.06198198198198198
0.05310098819978328,0.07068576880686875,0.13892261502675324,0.6391891891891892,model_266,0.06391891891891892
0.05502336309632298,0.07261875535316022,0.14050785339284014,0.6585585585585586,model_266,0.06585585585585586
0.05694573799286265,0.07456500392336916,0.14209309175892704,0.6779279279279279,model_266,0.0677927927927928
0.058868112889402344,0.07651125249357811,0.14367833012501396,0.6972972972972973,model_266,0.06972972972972974
0.06079048778594204,0.07845750106378706,0.14526356849110086,0.7166666666666667,model_266,0.07166666666666667
0.06271286268248172,0.080403749633996,0.14684880685718776,0.7360360360360361,model_266,0.0736036036036036
0.0646352375790214,0.08234999820420495,0.1484340452232747,0.7554054054054054,model_266,0.07554054054054053
0.06655761247556109,0.08429223575180138,0.1500192835893616,0.7747747747747747,model_266,0.07747747747747748
0.0684880063592009,0.08623443621406851,0.1516045219554485,0.7941441441441441,model_266,0.07941441441441441
0.07045967721651474,0.08817663667633562,0.15318976032153542,0.8135135135135135,model_266,0.08135135135135135
0.07243134807382859,0.0901198082818891,0.15477499868762232,0.8328828828828829,model_266,0.0832882882882883
0.07440301893114241,0.09205799230201271,0.15636023705370922,0.8522522522522522,model_266,0.08522522522522523
0.07637468978845625,0.09397656248970393,0.15794547541979614,0.8716216216216216,model_266,0.08716216216216216
0.0783463606457701,0.09588843189330382,0.15953071378588304,0.890990990990991,model_266,0.08909909909909909
0.08031803150308395,0.09780030129690373,0.16111595215196994,0.9103603603603604,model_266,0.09103603603603604
0.08226633678049992,0.09971217070050359,0.16270119051805687,0.9297297297297298,model_266,0.09297297297297297
0.08421088791542888,0.10162404010410347,0.16428642888414377,0.9490990990990991,model_266,0.09490990990990991
0.08615543905035786,0.10353590950770336,0.16587166725023067,0.9684684684684685,model_266,0.09684684684684686
0.08809999018528682,0.10544777891130322,0.1674569056163176,0.9878378378378379,model_266,0.09878378378378379
0.09004454132021578,0.1073596483149031,0.1690421439824045,1.0072072072072071,model_266,0.10072072072072072
0.09198909245514476,0.10927151771850302,0.1706273823484914,1.0265765765765766,model_266,0.10265765765765765
0.09393364359007372,0.11118338712210288,0.17221262071457832,1.045945945945946,model_266,0.10459459459459458
0.09587819472500267,0.11309525652570274,0.17379785908066522,1.0653153153153152,model_266,0.10653153153153151
0.09782274585993166,0.11500712592930265,0.17538309744675212,1.0846846846846847,model_266,0.10846846846846846
0.09976729699486062,0.11691899533290251,0.17696833581283905,1.104054054054054,model_266,0.11040540540540539
0.1017118481297896,0.1188308647365024,0.17855357417892598,1.1234234234234235,model_266,0.11234234234234235
0.10365639926471855,0.120750384036784,0.18013881254501285,1.1427927927927928,model_266,0.11427927927927929
0.10560095039964751,0.12269977558697627,0.18172405091109978,1.162162162162162,model_266,0.11621621621621622
0.1075455015345765,0.12464916713716855,0.1833092892771867,1.1815315315315316,model_266,0.11815315315315315
0.10949005266950546,0.12659855868736078,0.1848943446603224,1.2009009009009008,model_266,0.12009009009009008
0.11143460380443443,0.12854795023755308,0.18645749108159743,1.2202702702702704,model_266,0.12202702702702703
0.11337915493936339,0.1304973417877453,0.1880206375028724,1.2396396396396396,model_266,0.12396396396396396
0.11532370607429236,0.13244673333793758,0.18958378392414738,1.259009009009009,model_266,0.1259009009009009
0.11726825720922135,0.13439612488812985,0.1911469303454224,1.2783783783783784,model_266,0.12783783783783784
0.1192128083441503,0.13634551643832213,0.19271007676669738,1.2977477477477477,model_266,0.12977477477477478
0.1211573594790793,0.1382949079885144,0.1942732231879724,1.3171171171171172,model_266,0.13171171171171173
0.12310191061400821,0.1402212470894927,0.19583636960924738,1.3364864864864865,model_266,0.13364864864864864
0.1250464617489372,0.14213553345210542,0.19740741664559713,1.3558558558558558,model_266,0.1355855855855856
0.1269894186698914,0.14404981981471815,0.19901504040801113,1.3752252252252253,model_266,0.13752252252252253
0.12891923619162685,0.14596410617733088,0.20058116328100117,1.3945945945945946,model_266,0.13945945945945948
0.13084905371336233,0.1478783925399436,0.2021354120399933,1.413963963963964,model_266,0.1413963963963964
0.13279186405005097,0.14979267890255632,0.20368966079898543,1.4333333333333333,model_266,0.14333333333333334
0.13474852806620646,0.151706965265169,0.20524390955797758,1.4527027027027026,model_266,0.14527027027027026
0.13670519208236193,0.15362125162778173,0.20679815831696974,1.4720720720720721,model_266,0.1472072072072072
0.13865831969343997,0.15553553799039446,0.20835240707596187,1.4914414414414414,model_266,0.14914414414414415
0.14060287082836892,0.15744982435300714,0.20990665583495402,1.5108108108108107,model_266,0.15108108108108106
0.14254742196329792,0.1593641107156199,0.21146783382199733,1.5301801801801802,model_266,0.153018018018018
0.14450349690071987,0.16127839707823258,0.21303098024327233,1.5495495495495495,model_266,0.15495495495495495
0.14646439824211085,0.16320356719942195,0.21459412666454733,1.568918918918919,model_266,0.1568918918918919
0.1484252995835018,0.165159420729312,0.2161572730858223,1.5882882882882883,model_266,0.15882882882882882
0.15038620092489277,0.1671152742592021,0.21774856973119822,1.6076576576576576,model_266,0.16076576576576576
0.15234710226628378,0.16907094832275504,0.2193544298582983,1.627027027027027,model_266,0.1627027027027027
0.15430800360767474,0.1709869924665255,0.2209391185905406,1.6463963963963963,model_266,0.16463963963963965
0.15626890494906573,0.17290303661029593,0.222491085817599,1.6657657657657658,model_266,0.1665765765765766
0.15822849626007207,0.17481908075406632,0.2240430530446574,1.6851351351351351,model_266,0.16851351351351354
0.16018516027622753,0.17673512489783677,0.2255950202717158,1.7045045045045044,model_266,0.17045045045045046
0.16214182429238305,0.17865116904160722,0.2271469874987742,1.723873873873874,model_266,0.17238738738738738
0.1640984883085385,0.1805672131853776,0.2286989547258326,1.7432432432432432,model_266,0.17432432432432432
0.16605515232469398,0.18248325732914808,0.23025092195289099,1.7626126126126127,model_266,0.17626126126126127
0.16801181634084944,0.1843993014729185,0.2318028891799494,1.781981981981982,model_266,0.17819819819819818
0.1699684803570049,0.1863153456166889,0.2333548564070078,1.8013513513513513,model_266,0.18013513513513513
0.1719251443731604,0.18823138976045936,0.2349068236340662,1.8207207207207208,model_266,0.18207207207207207
0.17388180838931586,0.19014743390422978,0.2364587908611246,1.84009009009009,model_266,0.184009009009009
0.17583847240547132,0.1920634780480002,0.23801075808818298,1.8594594594594596,model_266,0.18594594594594593
0.17779513642162678,0.19397952219177064,0.2395627253152414,1.8788288288288288,model_266,0.1878828828828829
0.1797438456043537,0.19589556633554103,0.24111469254229978,1.8981981981981981,model_266,0.18981981981981982
0.1816891162199603,0.19781161047931148,0.24266665976935817,1.9175675675675676,model_266,0.19175675675675677
0.1836343868355669,0.19972765462308192,0.24421862699641658,1.936936936936937,model_266,0.1936936936936937
0.1855796574511735,0.20164369876685231,0.24577059422347497,1.9563063063063062,model_266,0.19563063063063063
0.18752492806678014,0.2035597429106228,0.24732256145053338,1.9756756756756757,model_266,0.19756756756756758
0.18947019868238674,0.2054757870543932,0.24887452867759174,1.995045045045045,model_266,0.19950450450450452
0.19141546929799336,0.2073918311981636,0.25042649590465016,2.0144144144144143,model_266,0.20144144144144144
0.19336073991359995,0.20933169163651788,0.2519784631317086,2.0337837837837838,model_266,0.20337837837837838
0.19530601052920657,0.2113004057057989,0.253530430358767,2.0531531531531533,model_266,0.20531531531531533
0.19725128114481313,0.2132691197750799,0.25508239758582535,2.0725225225225223,model_266,0.20725225225225224
0.19919655176041978,0.21520463336797124,0.25663436481288376,2.091891891891892,model_266,0.2091891891891892
0.20114182237602637,0.2171331489308651,0.2581863320399421,2.1112612612612613,model_266,0.21112612612612613
0.20308709299163297,0.2190616644937589,0.25973829926700054,2.1306306306306304,model_266,0.21306306306306305
0.2050323636072396,0.22099018005665272,0.26129026649405895,2.15,model_266,0.215
0.20697763422284624,0.22291869561954658,0.2628780788925291,2.1693693693693694,model_266,0.21693693693693694
0.20892290483845283,0.22484721118244042,0.26445010517811457,2.188738738738739,model_266,0.2188738738738739
0.2108681754540594,0.2267757267453342,0.26602213146369996,2.208108108108108,model_266,0.2208108108108108
0.21281344606966604,0.22870424230822806,0.2675941577492854,2.2274774774774775,model_266,0.22274774774774775
0.21475871668527266,0.2306327578711219,0.26916618403487086,2.246846846846847,model_266,0.2246846846846847
0.21670398730087925,0.2325612734340157,0.27074465704576,2.266216216216216,model_266,0.2266216216216216
0.21864925791648585,0.23448978899690953,0.27229466761497073,2.2855855855855856,model_266,0.22855855855855858
0.2205945285320925,0.23642798119728603,0.2738446781841814,2.304954954954955,model_266,0.23049549549549553
0.22253979914769906,0.23835754397933434,0.275394688753392,2.324324324324324,model_266,0.23243243243243242
0.22448506976330568,0.24026405897021572,0.27695318345793374,2.3436936936936936,model_266,0.23436936936936936
0.2264303403789123,0.24217057396109706,0.27855660351080935,2.363063063063063,model_266,0.2363063063063063
0.22837561099451895,0.2440770889519784,0.28016002356368497,2.3824324324324326,model_266,0.23824324324324325
0.2303208816101255,0.24598360394285973,0.2817634436165606,2.4018018018018017,model_266,0.24018018018018017
0.23226615222573213,0.24789011893374108,0.28336686366943614,2.421171171171171,model_266,0.24211711711711711
0.23421142284133875,0.24979663392462242,0.2849702837223118,2.4405405405405407,model_266,0.24405405405405406
0.23615669345694532,0.25170314891550377,0.2865737037751873,2.4599099099099098,model_266,0.24599099099099098
0.23810196407255196,0.2536096639063851,0.28817712382806293,2.4792792792792793,model_266,0.24792792792792792
0.24004723468815856,0.255552180022748,0.28978054388093855,2.4986486486486488,model_266,0.24986486486486487
0.24199250530376515,0.2575047413917781,0.29138396393381416,2.518018018018018,model_266,0.2518018018018018
0.2439132506450705,0.2594573027608082,0.2929873839866898,2.5373873873873873,model_266,0.25373873873873876
0.24582235700506533,0.2614098641298383,0.2945908040395654,2.556756756756757,model_266,0.2556756756756757
0.2477314633650601,0.2633624254988684,0.29619422409244095,2.576126126126126,model_266,0.2576126126126126
0.24964056972505494,0.2653149868678985,0.2977976441453166,2.5954954954954954,model_266,0.25954954954954956
0.25154967608504974,0.2672500074232874,0.29940106419819223,2.614864864864865,model_266,0.2614864864864865
0.2534587824450446,0.2691596930125352,0.3010044842510678,2.6342342342342344,model_266,0.26342342342342345
0.25536788880503936,0.27106937860178293,0.30260790430394335,2.6536036036036035,model_266,0.26536036036036037
0.25727699516503416,0.2729790641910307,0.30421132435681897,2.672972972972973,model_266,0.2672972972972973
0.25922049005903597,0.2748912989184418,0.3058147444096946,2.6923423423423425,model_266,0.26923423423423426
0.26116504119396494,0.2768538776441826,0.3074181644625702,2.7117117117117115,model_266,0.2711711711711712
0.2631095923288939,0.2787081209587739,0.3090215845154458,2.731081081081081,model_266,0.27310810810810815
0.2650541434638229,0.2806178065480216,0.31062500456832143,2.7504504504504506,model_266,0.27504504504504507
0.2669986945987518,0.28254277691342755,0.312228424621197,2.7698198198198196,model_266,0.276981981981982
0.2689432457336808,0.28448995707303,0.31383184467407266,2.789189189189189,model_266,0.27891891891891896
0.2708877968686098,0.2864371372326324,0.3154352647269483,2.8085585585585586,model_266,0.2808558558558559
0.2728323480035387,0.2883843173922349,0.31702360002912333,2.827927927927928,model_266,0.2827927927927928
0.2747768991384677,0.29033149755183735,0.3185807591887253,2.847297297297297,model_266,0.2847297297297297
0.2767214502733967,0.2922786777114398,0.32013791834832733,2.8666666666666667,model_266,0.2866666666666666
0.2786660014083257,0.2942258578710422,0.3216950775079294,2.886036036036036,model_266,0.2886036036036036
0.28061055254325457,0.2961730380306446,0.3232522366675314,2.9054054054054053,model_266,0.2905405405405405
0.2825551036781836,0.2981202181902471,0.3248093958271334,2.9247747747747748,model_266,0.29247747747747743
0.28449965481311257,0.30004563076999696,0.3263665549867354,2.9441441441441443,model_266,0.2944144144144144
0.2864442059480415,0.3019901312955047,0.3279237141463375,2.9635135135135133,model_266,0.2963513513513513
0.28838875708297046,0.3039373114551072,0.32948087330593945,2.982882882882883,model_266,0.29828828828828824
0.29033330821789943,0.3058844916147096,0.3310380324655415,3.0022522522522523,model_266,0.3002252252252252
0.2922778593528284,0.30783167177431203,0.3325951916251435,3.0216216216216214,model_266,0.30216216216216213
0.2942224104877574,0.30977885193391447,0.33415235078474553,3.040990990990991,model_266,0.3040990990990991
0.29616696162268635,0.31172603209351696,0.33570950994434756,3.0603603603603604,model_266,0.306036036036036
0.2981115127576153,0.31367321225311934,0.3372852502552413,3.07972972972973,model_266,0.307972972972973
0.30001888296545776,0.3154874426384502,0.338851183853404,3.099099099099099,model_266,0.3099099099099099
0.3019065969307331,0.317426313940119,0.34041711745156666,3.1184684684684685,model_266,0.3118468468468468
0.30379431089600833,0.3193444737642379,0.34200454607787734,3.137837837837838,model_266,0.3137837837837838
0.3056820248612836,0.32124016090862484,0.3435978079750762,3.157207207207207,model_266,0.3157207207207207
0.30761942802851794,0.323050122945101,0.34519106987227505,3.1765765765765765,model_266,0.31765765765765763
0.30956881957871024,0.3249641310357466,0.34678433176947393,3.195945945945946,model_266,0.3195945945945946
0.31151821112890243,0.3267701047086279,0.34837759366667276,3.215315315315315,model_266,0.3215315315315315
0.31346760267909474,0.32857595288577196,0.3499701645416356,3.2346846846846846,model_266,0.32346846846846844
0.315416994229287,0.33048786958326287,0.35154855011858,3.254054054054054,model_266,0.3254054054054054
0.3173663857794793,0.3324155157304149,0.35315737935826935,3.2734234234234236,model_266,0.3273423423423424
0.31931577732967154,0.3343431618775669,0.3547293245991371,3.2927927927927927,model_266,0.3292792792792793
0.3212651688798638,0.3361141202957875,0.3562929426592111,3.312162162162162,model_266,0.3312162162162162
0.3232145604300561,0.338029799071224,0.3578565607192852,3.3315315315315317,model_266,0.3331531531531532
0.3251639519802484,0.3399868899907913,0.35942600880530645,3.3509009009009008,model_266,0.3350900900900901
0.32711334353044064,0.34188572978392423,0.3610179720729892,3.3702702702702703,model_266,0.337027027027027
0.32906273508063294,0.3437293388750768,0.36264622486750436,3.3896396396396398,model_266,0.338963963963964
0.3310121266308252,0.3456826270571046,0.3642744776620195,3.409009009009009,model_266,0.3409009009009009
0.33296151818101744,0.34759822056524226,0.36590273045653465,3.4283783783783783,model_266,0.34283783783783783
0.33491090973120974,0.34954996671193095,0.3674967364330591,3.447747747747748,model_266,0.34477477477477475
0.33686030128140193,0.35131427647488117,0.3690899983302579,3.467117117117117,model_266,0.34671171171171167
0.33880969283159423,0.3532139448635003,0.3706832602274568,3.4864864864864864,model_266,0.3486486486486486
0.3407590843817865,0.35509554452868336,0.3722765221246557,3.505855855855856,model_266,0.35058558558558556
0.3427084759319788,0.35694514612321887,0.37386978402185456,3.5252252252252254,model_266,0.35252252252252253
0.34465786748217103,0.3588736411670927,0.3754630459190534,3.5445945945945945,model_266,0.35445945945945945
0.3466072590323633,0.36081664197505825,0.37705630781625227,3.563963963963964,model_266,0.35639639639639636
0.3485566505825556,0.362708757747038,0.3786495697134511,3.5833333333333335,model_266,0.35833333333333334
0.35050604213274783,0.3645030991583957,0.38024283161065,3.6027027027027025,model_266,0.36027027027027025
0.3524554336829401,0.36624921117355835,0.3818360935078488,3.622072072072072,model_266,0.36220720720720717
0.3544048252331324,0.36813569808744456,0.3834293554050477,3.6414414414414416,model_266,0.36414414414414414
0.3563542167833246,0.3700648122942336,0.3850226173022465,3.6608108108108106,model_266,0.36608108108108106
0.3583036083335169,0.3718269278836017,0.3866158791994454,3.68018018018018,model_266,0.368018018018018
0.3602529998837092,0.3737201083319098,0.3882091410966443,3.6995495495495496,model_266,0.36995495495495495
0.3622023914339014,0.3754003310533076,0.3898024029938431,3.718918918918919,model_266,0.37189189189189187
0.3641517829840937,0.3772119353839299,0.39139566489104194,3.738288288288288,model_266,0.3738288288288288
0.366101174534286,0.37901866359904607,0.3929889267882408,3.7576576576576577,model_266,0.3757657657657658
0.3680505660844783,0.3808815427530383,0.3945821886854397,3.777027027027027,model_266,0.37770270270270273
0.3698272650239336,0.38274456697604936,0.3962213267293185,3.7963963963963963,model_266,0.37963963963963965
0.371486970838893,0.38464716769993607,0.397866840995722,3.8157657657657658,model_266,0.38157657657657656
0.3734400956186221,0.38649258124048574,0.3994333206382639,3.8351351351351353,model_266,0.38351351351351354
0.375399891412694,0.388267441573473,0.40099254923689864,3.8545045045045043,model_266,0.38545045045045045
0.3773596872067659,0.3900629493070582,0.40256627992334787,3.873873873873874,model_266,0.38738738738738737
0.37931948300083784,0.39193733006292536,0.40417983928421974,3.8932432432432433,model_266,0.38932432432432434
0.3812792787949097,0.3938286602273308,0.4058757497463971,3.9126126126126124,model_266,0.39126126126126126
0.3832390745889816,0.39565053296514485,0.4078112837236812,3.931981981981982,model_266,0.3931981981981982
0.3851809473352735,0.3974432281920083,0.40937499578683983,3.9513513513513514,model_266,0.39513513513513515
0.38674680218456275,0.3993401670252125,0.4109387078499984,3.970720720720721,model_266,0.39707207207207207
0.3886752647935806,0.4010697574300769,0.41278873001630634,3.99009009009009,model_266,0.399009009009009
0.39064094801134985,0.4029004679548684,0.41448002129263634,4.0094594594594595,model_266,0.400945945945946
0.392606631229119,0.4048305954295862,0.4160365917711816,4.0288288288288285,model_266,0.4028828828828829
0.39448720166683426,0.4067221746122284,0.41786694024941196,4.0481981981981985,model_266,0.4048198198198199
0.39634764360673297,0.40840807037067717,0.41942353395320275,4.0675675675675675,model_266,0.4067567567567567
0.3983105120676758,0.41027179132815217,0.4209801276569936,4.086936936936937,model_266,0.4086936936936936
0.40015900507258406,0.4120161614396599,0.42284279738915576,4.1063063063063066,model_266,0.4106306306306306
0.40182814880964535,0.41381740071388246,0.4244424847519714,4.125675675675676,model_266,0.4125675675675675
0.40342147355930724,0.4155643531550587,0.4260712483753649,4.145045045045045,model_266,0.41450450450450443
0.4050153090989361,0.4174530382068044,0.42773075395160537,4.164414414414415,model_266,0.41644144144144146
0.4067008247279097,0.4192314836658987,0.4293513349733768,4.183783783783784,model_266,0.4183783783783784
0.40853275205410866,0.4211300269822148,0.4311419304429184,4.203153153153153,model_266,0.42031531531531524
0.4104803571627222,0.42294322703802273,0.4330378974608934,4.222522522522523,model_266,0.42225225225225227
0.4121487687811183,0.4247726783718131,0.43494011225022416,4.241891891891892,model_266,0.42418918918918913
0.4140491371993049,0.42650941876557186,0.43678397981713496,4.261261261261261,model_266,0.4261261261261261
0.41573282304460324,0.42822283935733996,0.4386463328929617,4.280630630630631,model_266,0.428063063063063
0.41754860144239375,0.43004467437073723,0.44032245394649977,4.3,model_266,0.43
0.4191854482980235,0.4318826683679019,0.44228224974057173,4.31936936936937,model_266,0.43193693693693697
0.42081557175691264,0.43377129796434777,0.44424204553464364,4.338738738738739,model_266,0.4338738738738739
0.4224548352558958,0.43556008768370885,0.44591051394387793,4.358108108108108,model_266,0.43581081081081074
0.42411934323194295,0.437354876249806,0.4478057706905752,4.377477477477478,model_266,0.4377477477477478
0.4259604015860378,0.43914963297370985,0.44972360597203986,4.396846846846847,model_266,0.4396846846846847
0.42753366488739813,0.4409915469467678,0.4516648615622599,4.416216216216216,model_266,0.4416216216216216
0.42910692818875845,0.4428085249849062,0.45360848827534206,4.435585585585586,model_266,0.4435585585585586
0.4306801914901187,0.4446038614090467,0.4555521149884242,4.454954954954955,model_266,0.4454954954954955
0.4322901200133007,0.4465103848250626,0.45749574170150625,4.474324324324324,model_266,0.4474324324324324
0.43389707468314687,0.44837483649339577,0.4594393684145884,4.493693693693694,model_266,0.4493693693693694
0.4355110281550031,0.44997914155438645,0.4613829951276705,4.513063063063063,model_266,0.45130630630630636
0.43711263766767994,0.4518103353839715,0.46332662184075263,4.532432432432432,model_266,0.4532432432432432
0.4387084781010755,0.453598452435935,0.46527024855383475,4.551801801801802,model_266,0.45518018018018025
0.44030071817022287,0.45532250908669936,0.4672138752669168,4.571171171171171,model_266,0.4571171171171171
0.4419051475861235,0.4571388688749135,0.4691575019799989,4.59054054054054,model_266,0.45905405405405403
0.44357408307807794,0.4589828403299555,0.4711011286930811,4.60990990990991,model_266,0.460990990990991
0.44524301857003235,0.46086821342582485,0.4730447554061632,4.629279279279279,model_266,0.462927927927928
0.44691195406198675,0.46275004065934383,0.47498838211924527,4.648648648648648,model_266,0.46486486486486484
0.4487204779651571,0.4646640891692794,0.47693200883232745,4.668018018018018,model_266,0.46680180180180186
0.4506343891656609,0.46655151471225287,0.4788756355454095,4.687387387387387,model_266,0.46873873873873867
0.4524848733576436,0.46833184064860833,0.48081926225849164,4.706756756756756,model_266,0.4706756756756756
0.45404537735228107,0.47020313119375196,0.48276288897157377,4.726126126126126,model_266,0.47261261261261256
0.45564311178274036,0.47198560948436874,0.4847065156846559,4.745495495495495,model_266,0.4745495495495495
0.4572234052029378,0.4738298868159658,0.486650142397738,4.764864864864865,model_266,0.47648648648648656
0.45879781235999684,0.4756994322200469,0.4885937691108201,4.784234234234234,model_266,0.4784234234234234
0.4603722195170558,0.4775535837779157,0.4905373958239022,4.803603603603603,model_266,0.48036036036036034
0.4619466266741149,0.4792591931324041,0.4924810225369844,4.822972972972973,model_266,0.4822972972972973
0.46360130898153107,0.4810719362098079,0.49442464925006646,4.842342342342342,model_266,0.48423423423423423
0.4652702444734855,0.48289159138492677,0.49636827596314853,4.8617117117117115,model_266,0.4861711711711711
0.4668774106226026,0.4847245645214942,0.49831190267623077,4.881081081081081,model_266,0.4881081081081081
0.46850343722501575,0.48649444239247863,0.5002555293893128,4.9004504504504505,model_266,0.490045045045045
0.4701294638274288,0.4884196495839836,0.5021991561023949,4.9198198198198195,model_266,0.49198198198198195
0.471728806799993,0.4903170717742884,0.504142782815477,4.9391891891891895,model_266,0.4939189189189189
0.473303655498722,0.4921181159420561,0.5060864095285591,4.9585585585585585,model_266,0.49585585585585584
0.47511158503058276,0.49385509918825077,0.5080294995035868,4.977927927927928,model_266,0.4977927927927927
0.4767258715673097,0.49569276962828546,0.5099417692080125,4.9972972972972975,model_266,0.49972972972972973
0.4784480072615205,0.49757855215760827,0.5116365188557512,5.016666666666667,model_266,0.5016663334999167
0.48017851919241605,0.4993103224914039,0.5133312685034899,5.036036036036036,model_266,0.5036012018009023
0.4818462656027239,0.5010420928251996,0.5150260181512286,5.055405405405406,model_266,0.5055342050279706
0.4836629246116875,0.5027738631589952,0.5167207677989673,5.074774774774775,model_266,0.5074653487568286
0.485479583620651,0.5045056334927909,0.5184155174467059,5.094144144144144,model_266,0.50939463854098
0.48729624262961463,0.5062374038265866,0.5201102670944446,5.113513513513514,model_266,0.5113220799118363
0.489066445063295,0.5079691741603822,0.5218050167421834,5.132882882882883,model_266,0.5132476783788259
0.49084801443241804,0.5097009444941778,0.523499766389922,5.152252252252252,model_266,0.5151714394295039
0.4926630439302121,0.5114327148279736,0.5251945160376608,5.171621621621622,model_266,0.51709336852966
0.49442281445751346,0.5131644851617692,0.5269364942800608,5.190990990990991,model_266,0.5190134711234266
0.49624395567216445,0.514896255495565,0.5287012846748753,5.210360360360361,model_266,0.5209317188475605
0.4980316157042663,0.5166280258293605,0.5304660750696897,5.22972972972973,model_266,0.5228481433956212
0.4998809695993285,0.5183625390934239,0.532230865464504,5.249099099099099,model_266,0.5247627568279742
0.5017073793161174,0.5201130696347136,0.5339956558593185,5.268468468468469,model_266,0.5266755645082398
0.5035285205307684,0.5218638276399302,0.5357604462541329,5.287837837837838,model_266,0.5285865717788796
0.5052859108459745,0.523614585645147,0.5375252366489472,5.307207207207207,model_266,0.5304957839613011
0.507072538422892,0.5253653436503637,0.5392900270437617,5.326576576576577,model_266,0.5324032063559624
0.5088591659998095,0.5271161016555803,0.5410548174385761,5.345945945945946,model_266,0.5343088442424726
0.510645793576727,0.5288607218022924,0.5428196078333904,5.365315315315315,model_266,0.536212702879697
0.5124324211536445,0.5305857825608487,0.5445306093972021,5.384684684684685,model_266,0.5381147875058573
0.5142016467849295,0.5323108433194049,0.5462309971999393,5.404054054054054,model_266,0.5400151033386328
0.5159336770437544,0.5340359040779612,0.5479859856475859,5.423423423423423,model_266,0.5419136132703012
0.5176657073025794,0.5357733513635584,0.5497575463799413,5.442792792792793,model_266,0.5438103566121189
0.5193977375614044,0.5375312245507713,0.5515291071122967,5.462162162162162,model_266,0.5457053459327298
0.5211297678202292,0.5392515211234934,0.5533006678446521,5.481531531531531,model_266,0.5475985863733788
0.5228617980790543,0.5409681338164454,0.5550399319581355,5.500900900900901,model_266,0.5494900830552368
0.5245938283378793,0.5426865884492823,0.5567948586813924,5.52027027027027,model_266,0.5513798410794998
0.5263698074888609,0.5444735948685986,0.5586153500417185,5.539639639639639,model_266,0.5532678655274856
0.5281706256856313,0.5461976863019399,0.560386910774074,5.559009009009009,model_266,0.5551541614607308
0.5299515547186999,0.5479065887934985,0.5621584715064294,5.578378378378378,model_266,0.5570387339210869
0.5317682115559982,0.5496437555435694,0.5639300322387848,5.597747747747747,model_266,0.5589215498297131
0.5336218822511806,0.5514178813627593,0.5656907863148457,5.617117117117117,model_266,0.5608026327298172
0.5354163470332064,0.5531920071819492,0.5674177225862419,5.636486486486486,model_266,0.5626820064487378
0.5371837338541333,0.5549267491691018,0.5691446588576381,5.655855855855856,model_266,0.5645596759550248
0.5389531256388918,0.5566586367115963,0.5708715951290344,5.675225225225225,model_266,0.5664356461979888
0.5407551489416232,0.5583600265048686,0.5725985314004306,5.694594594594594,model_266,0.5683099221077944
0.542485894316914,0.5600614162981411,0.5743254676718268,5.713963963963964,model_266,0.5701825085955521
0.5442532811378409,0.5617628060914134,0.576052403943223,5.733333333333333,model_266,0.5720534105534105
0.5460206679587677,0.5634641958846858,0.5777793402146192,5.7527027027027025,model_266,0.5739225955333046
0.5477880547796946,0.5651655856779582,0.5795062764860155,5.772072072072072,model_266,0.5757900792358623
0.5495554416006215,0.5668669754712305,0.5812332127574117,5.7914414414414415,model_266,0.5776558922909428
0.5513228284215483,0.5685811358432304,0.5829601490288079,5.8108108108108105,model_266,0.5795200395200394
0.553090208488068,0.5703129061770261,0.5846870853002042,5.8301801801801805,model_266,0.5813825257261105
0.5548467238793912,0.5720446765108218,0.5864140215716004,5.8495495495495495,model_266,0.5832433556936677
0.5565845142533987,0.5737764468446174,0.5881409578429966,5.868918918918919,model_266,0.585102534188865
0.5583256822432796,0.575508217178413,0.5898678941143929,5.8882882882882885,model_266,0.5869600468157515
0.5600574068031144,0.5772411378716313,0.5915948303857891,5.907657657657658,model_266,0.5888158675917297
0.5617766023452667,0.5790022495935307,0.5933217666571853,5.927027027027027,model_266,0.5906700504332082
0.5634957978874191,0.5807756048449028,0.5950487029285816,5.946396396396397,model_266,0.5925226000378964
0.5652149934295713,0.5825659807404883,0.5967756391999777,5.965765765765766,model_266,0.5943735210855554
0.5669462931980399,0.5843282496723263,0.5985193927207826,5.985135135135135,model_266,0.5962228182380853
0.5686732563554802,0.5861057787529568,0.6002647985844665,6.004504504504505,model_266,0.5980704961396096
0.5704002195129203,0.5878215599573431,0.6020102044481503,6.023873873873874,model_266,0.5999165196640184
0.5721867285883591,0.5895373411617294,0.6037556103118342,6.043243243243243,model_266,0.6017608989284382
0.5739287683367986,0.5912531223661157,0.6055010161755181,6.062612612612613,model_266,0.6036036721457549
0.5757480491366606,0.5929983629275505,0.607246422039202,6.081981981981982,model_266,0.605444843893775
0.5775224193457223,0.5947704924188442,0.6089918279028859,6.101351351351352,model_266,0.6072844187329237
0.5792675772641263,0.5965065080910388,0.6107372337665697,6.120720720720721,model_266,0.6091224012063272
0.58101273518253,0.5982434921330927,0.6124826396302535,6.14009009009009,model_266,0.6109587763118568
0.5827578931009341,0.5999691592425376,0.6142280454939375,6.15945945945946,model_266,0.6127935094185094
0.5845292172655788,0.6016969657947111,0.6159734513576213,6.178828828828829,model_266,0.6146266630869279
0.5863318414676776,0.6034237026255203,0.6177188572213052,6.198198198198198,model_266,0.6164582417956709
0.5881401564052142,0.6051504394563296,0.619464263084989,6.217567567567568,model_266,0.6182882500063803
0.5899484713427507,0.6068606274399059,0.6212151610301757,6.236936936936937,model_266,0.620116692163862
0.5917567862802873,0.6086039131179479,0.6229895674018404,6.256306306306306,model_266,0.6219435460920609
0.5935651012178238,0.6103765712823794,0.6247435072898873,6.275675675675676,model_266,0.6237687871573883
0.5953734161553604,0.6121147150435367,0.6264759228289074,6.295045045045045,model_266,0.6255924748277689
0.5971706181059248,0.613826441605946,0.6282083383679274,6.314414414414414,model_266,0.6274146134851353
0.5989551223884397,0.6155381681683555,0.6299407539069476,6.333783783783784,model_266,0.6292352074949539
0.6007983609679701,0.6172498947307649,0.6316821041307761,6.353153153153153,model_266,0.6310542612063025
0.602577046228428,0.618955359650358,0.63342750999446,6.372522522522522,model_266,0.6328717188107431
0.6043444330493549,0.620660148353601,0.6351729158581438,6.391891891891892,model_266,0.6346876187340105
0.6061118198702818,0.6223895001913012,0.6369183217218277,6.411261261261261,model_266,0.6365019907547997
0.6078324954659314,0.6241371974691547,0.6386637275855115,6.43063063063063,model_266,0.638314839160957
0.6095606418801618,0.625861602561574,0.6404091334491955,6.45,model_266,0.6401261682242991
0.6112624201766677,0.6276012563076203,0.6421545393128792,6.469369369369369,model_266,0.6419359522998009
0.6129641984731734,0.6293746550224032,0.6438999451765631,6.488738738738738,model_266,0.6437441660045486
0.6146659767696794,0.6311279865805692,0.645645351040247,6.508108108108108,model_266,0.6455508725508726
0.6163753404996959,0.6328766231602097,0.6473907569039309,6.527477477477477,model_266,0.6473560761506733
0.6181552565024225,0.6346154167655514,0.6491361627676148,6.546846846846847,model_266,0.6491597810001719
0.6199585629684291,0.6363542103708931,0.6508815686312986,6.566216216216216,model_266,0.6509619736015085
0.62178620251529515,0.6381187756919835,0.6526269744949824,6.585585585585585,model_266,0.6527626008908537
0.6235593611801962,0.6398899011720582,0.6543723803586663,6.604954954954955,model_266,0.6545617414071454
0.6252883051494679,0.6416766451876634,0.6561177862223502,6.624324324324324,model_266,0.6563593992879707
0.6270548365160552,0.6433895767189642,0.657863192086034,6.6436936936936934,model_266,0.6581555786555787
0.6288347525187818,0.6451095648033979,0.6596085979497179,6.663063063063063,model_266,0.6599502605894455
0.6305617239707797,0.6468154397815661,0.6613540038134018,6.6824324324324325,model_266,0.6617433995772728
0.6322864677936809,0.6485479310062878,0.6630994096770857,6.7018018018018015,model_266,0.663535071826334
0.6340112116165821,0.6503322832746967,0.6648448155407696,6.7211711711711715,model_266,0.6653252814014939
0.6357359554394834,0.65206665715420975,0.6665902214044535,6.7405405405405405,model_266,0.6671140323526111
0.6374606992623846,0.6537958889496585,0.6683702118612109,6.75990990990991,model_266,0.6689012832020212
0.6391854430852859,0.6555363653013485,0.6702058541783739,6.7792792792792795,model_266,0.6706870303483208
0.640910186908187,0.6573219879896923,0.6719611027306245,6.798648648648649,model_266,0.6724713304464687
0.6426349307310882,0.6590678064788708,0.6737163512828752,6.818018018018018,model_266,0.6742541874901581
0.6443596745539895,0.6608136249680492,0.675471599835126,6.837387387387388,model_266,0.6760356054583997
0.6460844183768907,0.6625300865934843,0.6771948577193692,6.856756756756757,model_266,0.6778155036065004
0.6478091621997919,0.6642341296618847,0.6789046609775273,6.876126126126126,model_266,0.6795939537518243
0.6495282380834422,0.6659957405092994,0.6806144642356857,6.895495495495496,model_266,0.6813709762031633
0.6512869595603757,0.6676881815505188,0.682324267493844,6.914864864864865,model_266,0.6831465748845502
0.6530995147760352,0.6693912888723865,0.684044280041292,6.934234234234234,model_266,0.6849207174207174
0.6549066203144411,0.6711300824777283,0.6857857294765543,6.953603603603604,model_266,0.6866933763589758
0.6566861036365413,0.67286887608307,0.6874910164672543,6.972972972972973,model_266,0.6884646227580413
0.6584813132129128,0.6746155509580635,0.6892186805305748,6.992342342342343,model_266,0.6902344604878852
0.6602223868466061,0.6763464632937536,0.690946344593895,7.011711711711712,model_266,0.6920028934043532
0.6619516430256147,0.6780946481304065,0.6926740086572154,7.031081081081081,model_266,0.6937698204360311
0.6636808858507398,0.6798301834563438,0.6944016727205359,7.050450450450451,model_266,0.6955353485604054
0.6654101286758647,0.6815355174081543,0.6961293367838561,7.06981981981982,model_266,0.6972994829148674
0.6671393715009896,0.6832408513599646,0.6978570008471765,7.089189189189189,model_266,0.6990622273023364
0.6688686143261146,0.684973351884163,0.6995920690143793,7.108558558558559,model_266,0.7008235053235053
0.6705978571512394,0.68671804056801,0.7013286663531989,7.127927927927928,model_266,0.7025833722005383
0.6723270999763643,0.6885180185311458,0.7030652636920185,7.147297297297297,model_266,0.704341860008829
0.6740563428014893,0.6902568121364876,0.7048018610308382,7.166666666666667,model_266,0.7060989724992445
0.6757855856266142,0.6919956057418294,0.7065912242460919,7.186036036036036,model_266,0.7078546475791605
0.6775148284517392,0.6937461070701075,0.7083071525287987,7.205405405405405,model_266,0.7096089094979995
0.679244071276864,0.6954498839227541,0.7100230808115054,7.224774774774775,model_266,0.7113618068543441
0.6809733141019889,0.6972244940972342,0.7117390090942122,7.244144144144144,model_266,0.7131133433478666
0.6827025569271139,0.6989114084833936,0.713454937376919,7.263513513513513,model_266,0.7148634610219976
0.6844341239984016,0.7005983228695531,0.7151708656596258,7.282882882882883,model_266,0.7166121735453865
0.686171035979811,0.7023433796474016,0.7168867939423326,7.302252252252252,model_266,0.7183595358207622
0.6879079479612205,0.7040796229651092,0.7186027222250393,7.321621621621621,model_266,0.7201055514974433
0.6896663025484258,0.7058327074265944,0.7203186505077461,7.340990990990991,model_266,0.7218501567754156
0.6914252602146598,0.707611278324841,0.7220442977336615,7.36036036036036,model_266,0.7235933747512694
0.6931842178808938,0.7093344179714535,0.7237719617969819,7.379729729729729,model_266,0.7253352566049195
0.6949431755471279,0.7111223354005887,0.7254996258603023,7.399099099099099,model_266,0.7270758059361562
0.6966763900964774,0.7128854690155002,0.7272272899236226,7.418468468468468,model_266,0.7288149433095572
0.6983946446556424,0.7146077363951293,0.728954953986943,7.437837837837838,model_266,0.7305527208823173
0.7001128992148073,0.7163387162166139,0.7306840123261746,7.457207207207207,model_266,0.7322891762730472
0.7018311537739721,0.7180737740384475,0.7324858243530898,7.476576576576576,model_266,0.7340243130328179
0.7035494083331371,0.7198163034272975,0.7342163400160131,7.495945945945946,model_266,0.7357580264828587
0.7052676628923019,0.7215550970326392,0.7359439687179405,7.515315315315315,model_266,0.7374904171046326
0.7069859174514668,0.723293890637981,0.7376715974198681,7.534684684684684,model_266,0.7392214993018923
0.7087041720106317,0.7250326842433228,0.7393992261217956,7.554054054054054,model_266,0.7409512548262549
0.7104555239602813,0.7267714778486645,0.7411268548237231,7.5734234234234235,model_266,0.742679609582821
0.7121983882983673,0.7285102714540063,0.7428544835256506,7.5927927927927925,model_266,0.744406666024313
0.7139408169891641,0.7302329681380744,0.7445939435540163,7.6121621621621625,model_266,0.7461324276190706
0.7156518805798779,0.731963493575481,0.7464151336173266,7.6315315315315315,model_266,0.7478568341372079
0.7173629441705918,0.7337193236888064,0.7482363236806369,7.650900900900901,model_266,0.7495798933660205
0.7190740077613058,0.735458992210271,0.7500575137439474,7.6702702702702705,model_266,0.7513016677272564
0.7207850713520196,0.7372156261293852,0.7518787038072576,7.68963963963964,model_266,0.7530221606426666
0.7224961349427335,0.738989877285638,0.7536998938705679,7.709009009009009,model_266,0.7547412607816334
0.7242071985334474,0.7407921193123067,0.7555210839338784,7.728378378378379,model_266,0.756459076097374
0.7260304220782445,0.7424753772005103,0.7573422739971887,7.747747747747748,model_266,0.7581756198182239
0.7278536617016322,0.7442402915305606,0.7590967321796982,7.767117117117117,model_266,0.7598908470223211
0.7295599095457922,0.7460060187723242,0.7608421380433821,7.786486486486487,model_266,0.7616047312239262
0.7312661573899522,0.7477974784588308,0.762587543907066,7.805855855855856,model_266,0.7633173535886748
0.732972405234112,0.7494990835895647,0.7643329497707498,7.825225225225225,model_266,0.765028717459181
0.7347092403989264,0.7512006887202989,0.7660783556344337,7.844594594594595,model_266,0.7667387109086139
0.7364708912622275,0.7529053320386634,0.7678237614981176,7.863963963963964,model_266,0.7684474395029951
0.7382106907059909,0.7546842347016163,0.7695691673618014,7.883333333333333,model_266,0.770154919236417
0.739933271791547,0.7564264131191193,0.7713145732254854,7.902702702702703,model_266,0.7718610922679615
0.7416558528771031,0.7581276409006364,0.7730599790891691,7.922072072072072,model_266,0.773565954427811
0.7433784339626592,0.7598288686821537,0.7748053849528531,7.941441441441442,model_266,0.7752695772695773
0.7451010150482154,0.7615620746317517,0.7765507908165369,7.960810810810811,model_266,0.7769719517408445
0.7468235961337715,0.7633324001458535,0.7782961966802207,7.98018018018018,model_266,0.7786729745548885
0.7485478953493028,0.7650380452778267,0.7800416025439046,7.99954954954955,model_266,0.7803727675043465
0.7502930532677066,0.7668941282103381,0.7817870084075884,8.018918918918919,model_266,0.7820713338228675
0.7520183820644673,0.7686426694328201,0.7835324142712724,8.038288288288289,model_266,0.783768575408523
0.7537393861208443,0.7703467250601176,0.7852778201349562,8.057657657657657,model_266,0.7854645652216767
0.7554603901772217,0.77205711320468,0.78702322599864,8.077027027027027,model_266,0.7871593377373876
0.757181394233599,0.7737422014808214,0.7887686318623239,8.096396396396397,model_266,0.788852831852832
0.7589023982899761,0.7754576987982336,0.7905140377260078,8.115765765765765,model_266,0.7905450450450451
0.7606234023463534,0.7771964924035755,0.7922594435896917,8.135135135135135,model_266,0.792236050186312
0.7623444064027307,0.7789304746521571,0.7940048494533756,8.154504504504505,model_266,0.7939258180989538
0.7640654104591078,0.7806740796142589,0.7957502553170593,8.173873873873873,model_266,0.7956142809476143
0.7657864145154851,0.782459968507702,0.7974956611807433,8.193243243243243,model_266,0.7973015449058114
0.7675043101782351,0.7842247827719501,0.7992410670444272,8.212612612612613,model_266,0.7989876077121509
0.7692171502460013,0.7860051817711742,0.8009864729081109,8.231981981981981,model_266,0.8006723462593028
0.7709397313315576,0.7877855807703986,0.8027318787717949,8.251351351351351,model_266,0.8023558949914293
0.7726704307409942,0.7895122786914586,0.8045282556254453,8.270720720720721,model_266,0.8040382570070072
0.7743914347973713,0.7912712834032916,0.8063525231539419,8.29009009009009,model_266,0.8057193136737605
0.7761124388537486,0.7930285572715459,0.8081767906824386,8.30945945945946,model_266,0.8073991729050247
0.7778334429101259,0.7947926284340772,0.8099759411679819,8.32882882882883,model_266,0.809077854381016
0.779554446966503,0.7965003889279969,0.8117102312758018,8.348198198198197,model_266,0.8107552552552553
0.7812754510228803,0.7982081494219166,0.8134654173862259,8.367567567567567,model_266,0.8124314504816235
0.7829986407843597,0.7999401006802097,0.815293807939985,8.386936936936937,model_266,0.814106476831196
0.7847278836094844,0.8016753403766701,0.8170562964426519,8.406306306306305,model_266,0.8157802424454691
0.7864571264346094,0.8034546678833925,0.8187834720632035,8.425675675675675,model_266,0.8174527989361826
0.7881863692597344,0.8051307320407352,0.8205106476837549,8.445045045045045,model_266,0.819124195346705
0.7899156120848592,0.8068525118957118,0.8222378233043064,8.464414414414414,model_266,0.8207943460702081
0.7916448549099842,0.8086179824534226,0.8239649989248579,8.483783783783784,model_266,0.8224632888702655
0.7933740977351091,0.8103393859887791,0.8256921745454096,8.503153153153153,model_266,0.8241310803057791
0.795103340560234,0.8120836845219542,0.8274193501659609,8.522522522522522,model_266,0.8257976363460233
0.796832583385359,0.8138079768490458,0.8291465257865125,8.541891891891892,model_266,0.8274629902786327
0.7985618262104839,0.8155322691761373,0.8308737014070641,8.561261261261262,model_266,0.8291272014822895
0.8002910690356089,0.8172806565456012,0.8326008770276156,8.580630630630631,model_266,0.8307901828867496
0.8020203118607337,0.8190796601969754,0.8343280526481671,8.6,model_266,0.8324519725557461
0.8037495546858587,0.8208650427257442,0.8360552282687186,8.61936936936937,model_266,0.8341126280522168
0.8054787975109836,0.8226414758231229,0.8377824038892703,8.63873873873874,model_266,0.8357720547099562
0.8072080403361086,0.82438348128411,0.8395095795098215,8.658108108108108,model_266,0.8374303045021916
0.8089881175761409,0.8261117443607745,0.8412367551303732,8.677477477477478,model_266,0.8390874286000407
0.8107595945486054,0.8278779864490595,0.8429639307509247,8.696846846846848,model_266,0.8407433202433203
0.8124103309466348,0.8296376981546476,0.8446911063714762,8.716216216216216,model_266,0.8423980543310176
0.8141250116366083,0.8313539702550178,0.8464182819920276,8.735585585585586,model_266,0.84405167112505
0.8158542544617333,0.8330934345586898,0.8481454576125793,8.754954954954956,model_266,0.845704047330913
0.8175834972868581,0.8348284805951809,0.8498726332331307,8.774324324324324,model_266,0.8473552896739943
0.8193127401119831,0.8365547059533107,0.8515998088536822,8.793693693693694,model_266,0.8490054230475687
0.8210419829371081,0.8382809313114407,0.8533269844742338,8.813063063063064,model_266,0.8506543032394096
0.8227113003987541,0.8400071566695704,0.8550541600947852,8.832432432432432,model_266,0.8523020775877919
0.8243497962327152,0.8417382681074798,0.8568017740791225,8.851801801801802,model_266,0.8539487294349173
0.8260623260693541,0.8434596073858301,0.8585788681576594,8.871171171171172,model_266,0.8555941546642184
0.8277849071549102,0.8451858327439599,0.860352984194345,8.89054054054054,model_266,0.8572384845600798
0.8295074882404663,0.8469120581020897,0.8621271002310308,8.90990990990991,model_266,0.8588816717480839
0.8312300693260225,0.8486382834602196,0.8639012162677167,8.92927927927928,model_266,0.8605236677355321
0.8329526504115785,0.8503645088183494,0.8656753323044022,8.948648648648648,model_266,0.8621645765155502
0.8346752314971347,0.8520907341764792,0.867449448341088,8.968018018018018,model_266,0.8638043180717746
0.836397812582691,0.8538169595346091,0.8692235643777737,8.987387387387388,model_266,0.8654429080243033
0.8381203936682471,0.8555422455144219,0.8709976804144595,9.006756756756756,model_266,0.8670804188218636
0.8398429747538032,0.8572567614138353,0.8727717964511452,9.026126126126126,model_266,0.8687167336255174
0.8415655558393593,0.8589872156751038,0.874545912487831,9.045495495495496,model_266,0.8703519405481431
0.8432881369249154,0.8607218609671283,0.8763200285245166,9.064864864864864,model_266,0.8719860704230168
0.8450107180104716,0.8624480863252583,0.8780941445612024,9.084234234234234,model_266,0.87361898307916
0.8467332990960278,0.8641743116833882,0.8798682605978883,9.103603603603604,model_266,0.8752508297771455
0.8484558801815838,0.8659005370415178,0.8816423766345738,9.122972972972972,model_266,0.8768815633815633
0.8501784612671401,0.8676267623996478,0.8834164926712595,9.142342342342342,model_266,0.8785111305586495
0.8519010423526963,0.8693529877577777,0.8851906087079454,9.161711711711712,model_266,0.8801396396396397
0.8536274946490967,0.8710913470920303,0.8869647247446311,9.18108108108108,model_266,0.8817669954709013
0.8553718508494705,0.8728301406973721,0.8887388407813168,9.20045045045045,model_266,0.8833932396517373
0.8571212305227844,0.8746197663537287,0.8904786753364604,9.21981981981982,model_266,0.8850184335278676
0.8588546437627661,0.8763536464694872,0.8922870728546882,9.239189189189188,model_266,0.8866424299404181
0.8605766493666458,0.8781691200291,0.894061188891374,9.258558558558558,model_266,0.8882653734136147
0.8623139380460332,0.8799263702395461,0.8958353049280599,9.277927927927928,model_266,0.8898872271182862
0.8640512267254203,0.881683620449992,0.8976094209647454,9.297297297297296,model_266,0.8915079295104389
0.8657801080737076,0.8834408706604382,0.8993835370014313,9.316666666666666,model_266,0.8931275943724754
0.8674865560532274,0.8851716635394012,0.9011852875269998,9.336036036036036,model_266,0.89474611829875
0.8691930040327469,0.8868987554402145,0.9030384462954744,9.355405405405405,model_266,0.8963635563777466
0.8708994520122666,0.8886258473410279,0.9048916050639493,9.3747747747747745,model_266,0.8979799561764519
0.8726058999917863,0.890376537567908,0.9067447638324241,9.394144144144144,model_266,0.8995951766689575
0.8743123479713057,0.8921332726985983,0.9085979226008987,9.413513513513513,model_266,0.901209372221034
0.8760187959508254,0.8938829678524021,0.9103559518918293,9.432882882882883,model_266,0.9028224715139785
0.8777397586360384,0.8956063477836471,0.9121720594611084,9.452252252252253,model_266,0.9044344635817182
0.8794623397215946,0.8973552229410117,0.9139768152637184,9.471621621621622,model_266,0.9060454382062861
0.8811849208071506,0.899104098098376,0.9157699716286614,9.49099099099099,model_266,0.9076552547562103
0.8829075018927068,0.9008529732557407,0.9175631279936043,9.51036036036036,model_266,0.9092640398804783
0.884630082978263,0.902596786969174,0.9193562843585472,9.52972972972973,model_266,0.9108717618032971
0.8863588445095019,0.9043295967100453,0.9211494407234901,9.549099099099099,model_266,0.9124783664261277
0.8880877884787737,0.906085769208925,0.9229425970884331,9.568468468468469,model_266,0.9140839659045955
0.8898167324480455,0.9078544482536612,0.9247168942547246,9.587837837837839,model_266,0.9156884337753904
0.8915291923469801,0.9095721956603662,0.9265182877744553,9.607207207207207,model_266,0.9172918665459004
0.8932429884060435,0.9113130202744164,0.9283667455704099,9.626576576576577,model_266,0.9188942577813546
0.8949655694915999,0.9130264708095153,0.9302152033663644,9.645945945945947,model_266,0.9204955327228056
0.8966881505771558,0.9147377009595292,0.932063661162319,9.665315315315315,model_266,0.9220958146420575
0.898410731662712,0.916459264896146,0.9339121189582735,9.684684684684685,model_266,0.9236949801638205
0.9001333127482682,0.9182082885932126,0.9357605767542281,9.704054054054055,model_266,0.9252931178601282
0.9018558938338243,0.919962400454047,0.9376090345501825,9.723423423423423,model_266,0.9268902245196556
0.9035784749193805,0.9217083050228161,0.9394574923461372,9.742792792792793,model_266,0.9284862267539369
0.9053010560049366,0.923454209591585,0.9413059501420917,9.762162162162163,model_266,0.9300812479145814
0.9070236370904927,0.9252001141603537,0.9431544079380461,9.781531531531531,model_266,0.9316751568516275
0.9087462181760488,0.9269460187291227,0.9450028657340006,9.800900900900901,model_266,0.9332680559721251
0.9104687992616051,0.9287272843463761,0.9468513235299553,9.8202702702702709,model_266,0.9348599236047881
0.9121913803471611,0.9304765724751483,0.9486997813259097,9.839639639639639,model_266,0.9364507093300197
0.9139139614327173,0.9322218000682763,0.9505482391218643,9.859009009009009,model_266,0.9380405257595577
0.9156365425182735,0.93397273185043,0.9523532120989919,9.878378378378379,model_266,0.9396292233192602
0.9173591236038294,0.9356897714911051,0.9541024761503745,9.897747747747747,model_266,0.9412169395942439
0.9190817046893858,0.9374214461417361,0.9558517402017571,9.917117117117117,model_266,0.942803613195505
0.9208042857749419,0.93916735071050494,0.9576846886160698,9.936486486486487,model_266,0.9443892378466847
0.922526866860498,0.9409162460517743,0.9595184511950603,9.955855855855855,model_266,0.9459738941395383
0.9242494479460541,0.9426626569212273,0.9612853905867301,9.975225225225225,model_266,0.9475574356538803
0.9260978140839187,0.9444310381810531,0.9631233562651399,9.994594594594595,model_266,0.9491400240583581
0.9278034406957743,0.9462015983141482,0.9648192693700698,10.013963963963963,model_266,0.9507215480786909
0.92950906730763,0.9479721584472434,0.9665862087617397,10.033333333333333,model_266,0.9523020663404024
0.931181456484928,0.949704030951885,0.9683531481534097,10.052702702702703,model_266,0.9538815901102897
0.9328459655395733,0.9513951771426705,0.9701200875450794,10.072072072072071,model_266,0.9554600466046493
0.9345820563023841,0.9531836767483168,0.971805709154869,10.091441441441441,model_266,0.9570375613708947
0.9363181470651949,0.9548455053925772,0.9734206954558113,10.110810810810811,model_266,0.9586139797242319
0.9382581809941735,0.9566861863787636,0.975097719636696,10.13018018018018,model_266,0.9601894455431039
0.9401436642453224,0.9583152946733657,0.976829801986391,10.14954954954955,model_266,0.9617638804997601
0.9419558267077841,0.9600584015539878,0.9785618843360862,10.16891891891892,model_266,0.9633373056369403
0.9436825734855399,0.961851629581011,0.9802939666857811,10.188288288288287,model_266,0.9649097636597637
0.9454093202632958,0.9636660800262273,0.9820796220296425,10.207657657657657,model_266,0.9664811563388205
0.9471311358453932,0.9654380856350577,0.9838454326593874,10.227027027027027,model_266,0.9680516229357397
0.9487330244505456,0.9672313136620809,0.9858156117328725,10.246396396396396,model_266,0.9696210122637825
0.9506189975498678,0.9690245416891043,0.9877857908063578,10.265765765765765,model_266,0.9711894589854929
0.9523356291738835,0.9708177697161277,0.9896712760417833,10.285135135135135,model_266,0.9727568879559171
0.9542069556547187,0.9725566432567877,0.99130044394339,10.304504504504504,model_266,0.9743233229187149
0.955961054428066,0.974257706468508,0.9929296118449968,10.323873873873874,model_266,0.9758887978887978
0.9575883216145024,0.9758948123754387,0.9948451056524168,10.343243243243244,model_266,0.9774532291678032
0.9592155888009387,0.9776872091928235,0.9966241784201273,10.362612612612612,model_266,0.9790167497065438
0.9608753956539755,0.9795343890319611,0.9983911178117971,10.381981981981982,model_266,0.9805791920953211
0.9625569119997223,0.9813075677534064,1.0001580572034672,10.401351351351352,model_266,0.9821407213014788
0.9642190482589003,0.9829899302446748,1.0018739405630932,10.420720720720722,model_266,0.9837012259944198
0.9658839947672562,0.9847738753666772,1.003651254725238,10.44009009009009,model_266,0.9852607718382366
0.9676750267203215,0.9865476697245357,1.0054588753784766,10.45945945945946,model_266,0.9868193450892566
0.9693493046955042,0.9882674295722104,1.007184784517387,10.47882882882883,model_266,0.9883769155007097
0.9710871032007209,0.9899660752262309,1.0088960526924926,10.498198198198198,model_266,0.9899335635354116
0.9727931414409208,0.9916752779770787,1.0105644290465658,10.517567567567568,model_266,0.9914891664044614
0.9745261183214003,0.9933844807279264,1.0122450158514027,10.536936936936938,model_266,0.9930438778128309
0.9762482346098412,0.9951038162600873,1.0142335487566703,10.556306306306306,model_266,0.9945975385971376
0.977984325372652,0.9968629085999459,1.016222081661938,10.575675675675676,model_266,0.9961502945252945
0.9797204161354628,0.9986793545777922,1.0182106145672059,10.595045045045046,model_266,0.9977020460588742
0.9814057078078475,1.0004346658117034,1.0201478837128946,10.614414414414414,model_266,0.9992528542948711
0.9830760149322038,1.0021207681542263,1.0219116912655082,10.633783783783784,model_266,1.0008027027027027
0.9848391036610595,1.003875006127761,1.0236754988181218,10.653153153153154,model_266,1.0023536180411181
0.9866021923899152,1.0055799544659403,1.0254393063707352,10.672522522522522,model_266,1.0039063771068581
0.988365281118771,1.007265590133265,1.027203113923349,10.691891891891892,model_266,1.0054611961358948
0.9901283698476268,1.0090149757524798,1.0289669214759627,10.711261261261262,model_266,1.0070178005841721
0.9918730514751377,1.0107883089712946,1.030730729028576,10.73063063063063,model_266,1.0085765403084244
0.9936091422379485,1.012450570811472,1.0324945365811897,10.75,model_266,1.0101370967741936
0.9953452330007593,1.0141285309238468,1.0342583441338034,10.76936936936937,model_266,1.0116997069708935
0.9970813237635698,1.0157566126251585,1.036022151686417,10.788738738738738,model_266,1.0132642472707143
0.9988174145263806,1.0175367503142967,1.0377859592390306,10.808108108108108,model_266,1.0148307530831802
1.0005535052891914,1.019301757092722,1.0395497667916442,10.827477477477478,model_266,1.0163993093579804
1.002289596052002,1.0211373447056133,1.0415295694250433,10.846846846846846,model_266,1.017969736159517
1.0040256868148127,1.0230300777051067,1.043404808227152,10.866216216216216,model_266,1.0195423408786528
1.0057617775776235,1.0246619746774988,1.0451234737242174,10.885585585585586,model_266,1.0211168092421143
1.007497202406706,1.0262938716498908,1.0468421392212828,10.904954954954954,model_266,1.0226934002406314
1.00917636810756,1.027997988931933,1.0485608047183481,10.924324324324324,model_266,1.0242719677262908
1.0108432319586815,1.0297726925838997,1.050382476816373,10.943693693693694,model_266,1.0258525464239752
1.0125852652959868,1.0315356634452821,1.0523789634222267,10.963063063063062,model_266,1.0274352463665628
1.014327298633292,1.0332538239291411,1.0542717043740883,10.982432432432432,model_266,1.0290198552360714
1.0160067990600163,1.0349149648014746,1.0563019044145723,11.001801801801802,model_266,1.0306067050657215
1.017629915139728,1.0366951758626812,1.0583378240454884,11.02117117117117,model_266,1.032195498454119
1.0192530312194394,1.0383872124173719,1.0602016593061128,11.04054054054054,model_266,1.0337864043172178
1.0209813024293695,1.040032798844107,1.0619721664320314,11.05990990990991,model_266,1.0353794164534904
1.0227319126271088,1.0417814932833636,1.0637426735579498,11.079279279279278,model_266,1.0369744052124612
1.0244825228248484,1.0436614948010963,1.0655131806838685,11.098648648648648,model_266,1.0385716706805814
1.026233133022588,1.0454393740580177,1.067283687809787,11.118018018018018,model_266,1.0401709105800014
1.0279837432203276,1.0471603580604987,1.0690541949357055,11.137387387387387,model_266,1.041772323191678
1.029604029726726,1.0488141446308274,1.0708247020616242,11.156756756756756,model_266,1.0433758704852325
1.0312636664099495,1.0505350706211476,1.0725952091875428,11.176126126126126,model_266,1.0449814366605412
1.032892787664157,1.0523696609195932,1.0743657163134612,11.195495495495495,model_266,1.0465893268683966
1.034579736045349,1.0541399900483583,1.0761362234393799,11.214864864864865,model_266,1.0481992400053963
1.0362259731524452,1.0558809298490146,1.0779067305652985,11.234234234234235,model_266,1.0498113434000196
1.0378722102595412,1.0574900178461848,1.079747021624887,11.253603603603603,model_266,1.051425655012811
1.0395300896556463,1.0592366083147622,1.081751925357187,11.272972972972973,model_266,1.053042019463072
1.0412434562873423,1.0610526964377043,1.0837568290894868,11.292342342342343,model_266,1.0546607309650788
1.0429857421756346,1.062754385309808,1.0857617328217868,11.311711711711713,model_266,1.0562815503946157
1.0447135684356286,1.0644568762477844,1.087790868549375,11.33108108108108,model_266,1.057904533200426
1.0464413946956228,1.0661318188474949,1.0897715402863863,11.35045045045045,model_266,1.0595298447061672
1.048169220955617,1.0677771303584451,1.0917764440186863,11.36981981981982,model_266,1.0611572598671
1.0498357720447027,1.06942615116843,1.0937813477509861,11.389189189189189,model_266,1.0627869687869687
1.0514557324034866,1.0711310731160797,1.0957862514832861,11.408558558558559,model_266,1.064418934111177
1.0530756927622702,1.0727902643419742,1.0977911552155861,11.427927927927929,model_266,1.0660530344533723
1.0547530586006595,1.074486915416098,1.0997960589478857,11.447297297297297,model_266,1.0676895433049278
1.0563890152107083,1.076181907765597,1.1018009626801857,11.466666666666667,model_266,1.0693282528930286
1.058006485167368,1.0779090550268546,1.1038058664124857,11.486036036036037,model_266,1.0709691555962744
1.0596134267376571,1.0796126023222794,1.1058107701447852,11.505405405405405,model_266,1.0726125131923094
1.0612203683079464,1.0812569938514414,1.1078156738770852,11.524774774774775,model_266,1.0742580590794877
1.0628273098782357,1.0829122173733627,1.1098205776093852,11.544144144144145,model_266,1.0759058846080125
1.064434251448525,1.084817644071885,1.111825481341685,11.563513513513513,model_266,1.077556139259464
1.0660650059598467,1.086544791333143,1.1138303850739848,11.582882882882883,model_266,1.0792086151052847
1.0677459904653532,1.0884163998420968,1.1158352888062848,11.602252252252253,model_266,1.0808634403634405
1.0693466143098636,1.0901225209981464,1.1178401925385846,11.621621621621621,model_266,1.082520686782673
1.0709472381543739,1.0917761278987808,1.1198450962708846,11.640990990990991,model_266,1.084180187906603
1.072547861998884,1.0934533803781734,1.1216723831403552,11.660360360360361,model_266,1.0858420910180568
1.0741484858433943,1.0951862585894576,1.1236329612686822,11.67972972972973,model_266,1.0875064256001488
1.0757491096879046,1.0969532930047863,1.1256313615746893,11.699099099099099,model_266,1.0891730490180103
1.0773819008298489,1.098722574233606,1.1276297618806965,11.718468468468469,model_266,1.0908421093507301
1.0790281379369449,1.100464030771738,1.1296281621867035,11.737837837837837,model_266,1.0925136302105214
1.080674375044041,1.1021630967580236,1.1316265624927109,11.757207207207207,model_266,1.0941874746719038
1.0823206121511373,1.1038551021003058,1.133624962798718,11.776576576576577,model_266,1.095863772863773
1.0839631223076336,1.10547289417755,1.135623363104725,11.795945945945945,model_266,1.0975425798738894
1.085536305110016,1.1070989711918506,1.1375504832237633,11.815315315315315,model_266,1.0992237459005487
1.0871094879123981,1.1088314518349607,1.1394690115839685,11.834684684684685,model_266,1.1009073638856248
1.0886826707147803,1.1105932607790328,1.1414999535831811,11.854054054054053,model_266,1.10259355871551
1.0902558535171625,1.1122419508337944,1.143530895582394,11.873423423423423,model_266,1.1042821486407874
1.091922488349306,1.1138869329847294,1.1455618375816068,11.892792792792793,model_266,1.1059731696762265
1.0936631692408847,1.1155918801645537,1.1475927795808194,11.912162162162161,model_266,1.1076668558322103
1.0953384813722433,1.1172478379826922,1.1496237215800322,11.931531531531531,model_266,1.1093629738415014
1.0969259407204637,1.1189415779986835,1.151654663579245,11.950900900900901,model_266,1.1110615365145655
1.098513400068684,1.1206370416328308,1.1536856055784577,11.97027027027027,model_266,1.1127627654016055
1.1001438767325633,1.1223652837600537,1.1557165475776705,11.98963963963964,model_266,1.114466517573912
1.1017412253157803,1.1240674759382416,1.1577474895768833,12.00900900900901,model_266,1.1161727521171967
1.1033385738989971,1.1257299113466326,1.159778431576096,12.028378378378378,model_266,1.1178815867942082
1.1049359224822144,1.1274444487952389,1.1618093735753088,12.047747747747747,model_266,1.1195930811448052
1.1065343846021327,1.1291638083051387,1.1638403155745216,12.067117117117117,model_266,1.1213070962902671
1.1081543449609161,1.1308963629716782,1.1658712575737342,12.086486486486486,model_266,1.1230236456509748
1.109846418500742,1.1325880611410577,1.167902199572947,12.105855855855856,model_266,1.1247429712127759
1.1115793594105259,1.134302598589664,1.1699331415721599,12.125225225225226,model_266,1.1264648776890769
1.1133123003203096,1.1360171360382703,1.1719640835713725,12.144594594594594,model_266,1.1281893578070048
1.1150452412300935,1.1377316734868765,1.173977497042981,12.163963963963964,model_266,1.1299164999075793
1.1167781821398772,1.1394300026023432,1.175982400775281,12.183333333333334,model_266,1.1316464104855526
1.1185111230496612,1.1410919829279373,1.177987304507581,12.202702702702704,model_266,1.133378934888335
1.1201840656143485,1.142832251716989,1.1799922082398806,12.222072072072072,model_266,1.1351140871813516
1.1218303027214447,1.144553651098096,1.1819971119721806,12.241441441441442,model_266,1.1368520144920504
1.123476539828541,1.1462541507927753,1.1840020157044806,12.260810810810812,model_266,1.1385926988139219
1.125122776935637,1.147997170487823,1.1860069194367804,12.28018018018018,model_266,1.1403360522684847
1.1267556862099586,1.1497401901828708,1.1880118231690802,12.29954954954955,model_266,1.142082089309526
1.1283748171987134,1.1514628981128285,1.1900167269013802,12.31891891891892,model_266,1.1438309773187822
1.129993948187468,1.1531712873600097,1.19202163063368,12.338288288288288,model_266,1.145582650523827
1.1316891786606613,1.1549692492680144,1.19402653436598,12.357657657657658,model_266,1.1473370496516462
1.1333530950565938,1.156711176108327,1.1960314380982797,12.377027027027028,model_266,1.149094189557405
1.1349850779414352,1.158454059544549,1.1980363418305795,12.396396396396396,model_266,1.1508542178542178
1.1366170608262771,1.160098153326779,1.2000412455628795,12.415765765765766,model_266,1.1526171007072648
1.1382490437111188,1.1617799772694806,1.2020461492951795,12.435135135135136,model_266,1.1543827678043006
1.1398810265959605,1.1634838440364363,1.204051053027479,12.454504504504504,model_266,1.1561512344154026
1.1415130094808021,1.1651839430877275,1.206055956759779,12.473873873873874,model_266,1.1579225868137122
1.143144992365644,1.166790454920192,1.208060860492079,12.493243243243244,model_266,1.1596969058884734
1.1447769752504857,1.1684862080457235,1.2100657642243788,12.512612612612612,model_266,1.1614740691104326
1.1464089581353274,1.170236221920507,1.2120706679566786,12.531981981981982,model_266,1.1632540921786552
1.1480409410201693,1.1719434358575564,1.2140755716889786,12.551351351351352,model_266,1.1650369909079588
1.1496729239050107,1.1735975472391704,1.2160804754212784,12.57072072072072,model_266,1.1668229447159337
1.1513937736946558,1.1753284219054299,1.2180853791535782,12.59009009009009,model_266,1.168611838270803
1.1531088077562717,1.1770865181414003,1.2200902828858782,12.60945945945946,model_266,1.1704036536536537
1.1547550448633677,1.1788446143773705,1.222095186618178,12.628828828828828,model_266,1.1721984071269784
1.1564012819704637,1.1805796042398111,1.224100090350478,12.648198198198198,model_266,1.1739961186813554
1.1580475190775599,1.1823044277157617,1.226104994082778,12.667567567567568,model_266,1.1757969830295412
1.1596775518321774,1.1839901169990616,1.2281098978150777,12.686936936936936,model_266,1.1776008328925383
1.1612842634957086,1.185738722047852,1.2301148015473775,12.706306306306306,model_266,1.1794076849959203
1.1629101118923948,1.1874634137843187,1.2321197052796775,12.725675675675676,model_266,1.1812175561904281
1.164543806088079,1.1892315612030182,1.2341246090119773,12.745045045045044,model_266,1.1830304634531439
1.1661775002837633,1.1909364185319966,1.2361295127442773,12.764414414414414,model_266,1.184846567956324
1.1678111944794478,1.192596871842277,1.238134416476577,12.783783783783784,model_266,1.1866657691526112
1.1694448886751319,1.1943114092908833,1.2401393202088768,12.803153153153152,model_266,1.1884880558524626
1.1710785828708163,1.1960354654350693,1.2421442239411769,12.822522522522522,model_266,1.1903134455209927
1.1727122770665006,1.1977887640980918,1.2441491276734766,12.841891891891892,model_266,1.1921419557553774
1.1743459712621849,1.199531320769207,1.2461540314057764,12.86126126126126,model_266,1.1939736292583973
1.1759796654578691,1.2012819105569557,1.2481589351380764,12.88063063063063,model_266,1.1958085905811024
1.1776133596535536,1.2029806917683246,1.2501638388703764,12.9,model_266,1.1976467236467236
1.179247053849238,1.2046457334230711,1.252168742602676,12.919369369369369,model_266,1.1994880465622615
1.1808807480449222,1.2063175375434279,1.254173646334976,12.938738738738738,model_266,1.2013325775728063
1.1825144422406066,1.2080452898014702,1.256178550067276,12.958108108108108,model_266,1.2031803350628567
1.1841324892929381,1.209793046037188,1.2581834537995757,12.977477477477477,model_266,1.2050313375576533
1.185719517084671,1.2115408022729057,1.2601883575318755,12.996846846846847,model_266,1.2068857132995066
1.1873065448764042,1.2132885585086235,1.2621932612641755,13.016216216216216,model_266,1.2087433988691187
1.1888935726681371,1.215036314744341,1.2641981649964753,13.035585585585585,model_266,1.2106043832293831
1.19048060045987,1.2168012979780394,1.2662030687287753,13.054954954954955,model_266,1.212468685448454
1.192067628251603,1.2185769032677147,1.268207972461075,13.074324324324325,model_266,1.21433632474173
1.193654656043336,1.22035250855739,1.270212876193375,13.093693693693695,model_266,1.216207320473278
1.1952416838350688,1.2221042942522153,1.2722177799256749,13.113063063063063,model_266,1.2180816921572735
1.196828711626802,1.2238103817015267,1.2742226836579749,13.132432432432433,model_266,1.2199594987810314
1.1984157394185349,1.2255470767318566,1.2762275873902746,13.151801801801803,model_266,1.221840797065287
1.2000027672102678,1.227274668425803,1.2782324911225744,13.17117117117117,model_266,1.2237255278647683
1.201589795002001,1.2290525282266753,1.2802373948548744,13.19054054054054,model_266,1.2256137112722478
1.2031768227937338,1.2308303880275477,1.2822422985871744,13.20990990990991,model_266,1.2275053675376257
1.2047638505854668,1.23260824782842,1.2842472023194742,13.229279279279279,model_266,1.229400517069469
1.2063508783771997,1.2343455260093403,1.286252106051774,13.248648648648649,model_266,1.23129918043657
1.2079379061689326,1.236079910582551,1.288257009784074,13.268018018018019,model_266,1.2332013783695202
1.2095249339606655,1.2378142951557616,1.2902619135163738,13.287387387387387,model_266,1.2351071317623041
1.2111119617523984,1.2395486797289723,1.2922668172486738,13.306756756756757,model_266,1.237016461673915
1.2126989895441316,1.241252658280107,1.2942717209809738,13.326126126126127,model_266,1.2389294591033722
1.2142860173358645,1.2430004145158244,1.2962766247132733,13.345495495495495,model_266,1.2408460886629205
1.2158730451275974,1.2447481707515422,1.2982815284455733,13.364864864864865,model_266,1.2427663556413557
1.2174600729193303,1.2464803296961908,1.3002864321778733,13.384234234234235,model_266,1.2446902817330254
1.2190471007110633,1.2481846457186976,1.3022913359101729,13.403603603603603,model_266,1.2466178888051398
1.2206652835577274,1.2499232730573633,1.3042962396424729,13.422972972972973,model_266,1.2485491988994983
1.222284414546482,1.2516513576691282,1.3063011433747729,13.442342342342343,model_266,1.2504842342342342
1.2239035455352365,1.2533351231111838,1.3083060471070727,13.461711711711711,model_266,1.2524230172055821
1.2255226765239913,1.2550351346768103,1.3103109508393724,13.481081081081081,model_266,1.2543655703896668
1.2271418075127458,1.2567901158980606,1.3123158545716724,13.500450450450451,model_266,1.2563119165443108
1.2287609385015004,1.258547133497856,1.3143207583039722,13.51981981981982,model_266,1.258262078610869
1.2303800694902551,1.2602750379317087,1.3163256620362722,13.53918918918919,model_266,1.2602160797160795
1.23199920047901,1.2620028495330258,1.318330565768572,13.558558558558559,model_266,1.2621739431739434
1.2336183314677642,1.2637447782470794,1.3203354695008718,13.577927927927927,model_266,1.2641356924876195
1.235237462456519,1.2654867069611333,1.3223403732331718,13.597297297297297,model_266,1.2661013513513515
1.2368565934452738,1.2672286356751874,1.3243452769654716,13.616666666666667,model_266,1.26807094365241
1.238475724434028,1.2689627765408134,1.3263501806977716,13.636036036036035,model_266,1.2700444934730648
1.2400948554227829,1.2706986925343269,1.3283550844300713,13.655405405405405,model_266,1.2720220250925773
1.2417139864115376,1.2724342508999538,1.3303599881623713,13.674774774774775,model_266,1.2740035629892188
1.243333117400292,1.2741484788741346,1.3323648918946711,13.694144144144143,model_266,1.275989142989143
1.2449522483890467,1.275862706848316,1.3343697956269711,13.713513513513513,model_266,1.2779787783672676
1.2465713793778015,1.277594250686297,1.336374699359271,13.732882882882883,model_266,1.2799724905131702
1.248190510366556,1.2793206592857174,1.3383796030915707,13.752252252252251,model_266,1.281970304669995
1.2498756388449577,1.2810111367712302,1.3403884430290327,13.771621621621621,model_266,1.283972246289723
1.2515478971850378,1.2827196187450403,1.342403725080794,13.790990990990991,model_266,1.285978341035336
1.2531582433819302,1.2844338467192213,1.3444190071325552,13.81036036036036,model_266,1.2879886147830073
1.2547685895788228,1.2861682377694892,1.3464342891843166,13.82972972972973,model_266,1.2900030968468468
1.2563789357757154,1.2879092596148196,1.3484495712360778,13.8490990990991,model_266,1.2920218266282983
1.2579892819726077,1.2895765306417646,1.3504648532878392,13.868468468468468,model_266,1.2940448188774547
1.2595996281695006,1.291306448776167,1.3524801353396003,13.887837837837838,model_266,1.296072100402289
1.2612099743663931,1.2930357172042517,1.3544954173913617,13.907207207207207,model_266,1.2981036982360512
1.2628203205632855,1.294719214564308,1.3565106994431229,13.926576576576576,model_266,1.3001396396396396
1.2644306667601781,1.2964334425384891,1.3585259814948842,13.945945945945946,model_266,1.3021799521040027
1.2660410129570707,1.2981502582771407,1.3605412635466456,13.965315315315316,model_266,1.3042246633525703
1.2676513591539633,1.2999109582486017,1.362556545598407,13.984684684684686,model_266,1.3062738013437167
1.2692617053508557,1.3016741248030792,1.3645718276501682,14.004054054054054,model_266,1.308327394273254
1.2708720515477485,1.3034463019312013,1.3665871097019293,14.023423423423424,model_266,1.31038547057696
1.2725097272214414,1.305157185370549,1.3686023917536907,14.042792792792794,model_266,1.3124480589331338
1.2741583404779255,1.3068495538296774,1.3706176738054519,14.062162162162162,model_266,1.3145151882651882
1.2758069537344097,1.3085645358160194,1.3726329558572132,14.081531531531532,model_266,1.3165868877442752
1.277448740808162,1.3103267428684793,1.3746482379089746,14.100900900900902,model_266,1.3186631867919423
1.279048772201307,1.312088949920939,1.3766635199607358,14.12027027027027,model_266,1.3207441150828247
1.280648803594452,1.3138511569733988,1.3786788020124972,14.13963963963964,model_266,1.322829702547375
1.2822488349875973,1.3155320025610102,1.3806940840642585,14.15900900900901,model_266,1.324919979374623
1.2838488663807424,1.3172830225613963,1.3827093661160197,14.178378378378378,model_266,1.3270149922403442
1.2854488977738876,1.3190340425617824,1.384724648167781,14.197747747747748,model_266,1.3291148477467696
1.2870496540966674,1.3207850625621687,1.3867399302195422,14.217117117117118,model_266,1.3312194904371184
1.288668785085422,1.3225360825625545,1.3887552122713034,14.236486486486486,model_266,1.333328951634295
1.2902879160741765,1.3242575820351217,1.3907704943230648,14.255855855855856,model_266,1.3354432629350663
1.2919070470629312,1.325972119483728,1.3927857763748261,14.275225225225226,model_266,1.3375624562130588
1.2935261780516858,1.3276717116673136,1.3948010584265873,14.294594594594594,model_266,1.3396865636217996
1.2951453090404406,1.3294011943809405,1.3968163404783487,14.313963963963964,model_266,1.3418156175977958
1.296764440029195,1.3311157318295468,1.39883162253011,14.333333333333334,model_266,1.3439496508636533
1.2983835710179497,1.3328393258677536,1.4008550485127755,14.352702702702702,model_266,1.346088794546759
1.3000027020067044,1.3345750221290789,1.4029621113673565,14.372072072072072,model_266,1.3482330456842653
1.3016280899901134,1.3363492250181581,1.4050691742219377,14.391441441441442,model_266,1.3503823823823824
1.3032829288274856,1.3381234279072372,1.4071762370765186,14.41081081081081,model_266,1.3525368386203576
1.3049377676648581,1.3398976307963164,1.4092832999310996,14.43018018018018,model_266,1.3546964486808237
1.3065744686489644,1.3416718336853957,1.4113903627856805,14.44954954954955,model_266,1.3568612471531936
1.308171737593204,1.3434460365744747,1.4134974256402615,14.468918918918918,model_266,1.3590313040313038
1.3097690065374439,1.3451506245897997,1.4156044884948427,14.488288288288288,model_266,1.3612067815847344
1.3113662754816837,1.3468413605146652,1.4177018388963534,14.507657657657658,model_266,1.3633875600515961
1.3129635444259233,1.3485320964395306,1.4197103754506954,14.527027027027026,model_266,1.3655736753702856
1.314574880905496,1.350222832364396,1.4217189120050377,14.546396396396396,model_266,1.3677651638048014
1.3161940118942508,1.3519135682892616,1.4237254721110562,14.565765765765766,model_266,1.3699620619484412
1.317813142883005,1.353604304214127,1.4257219587169099,14.585135135135134,model_266,1.3721645939789446
1.3194322738717599,1.3552950401389925,1.4277184453227638,14.604504504504504,model_266,1.3743726603315645
1.3210514048605146,1.356985776063858,1.4297149319286178,14.623873873873874,model_266,1.3765862555919763
1.3226705358492692,1.3586894959326217,1.4317114185344715,14.643243243243242,model_266,1.3788054178031242
1.3242896668380237,1.3604604394040807,1.433769308349955,14.662612612612612,model_266,1.3810302200935112
1.3259087978267785,1.3621882720579024,1.4358292190302193,14.681981981981982,model_266,1.3832608975757765
1.327527928815533,1.3639146806573228,1.4378891297104837,14.70135135135135,model_266,1.3854972660521792
1.3291470598042876,1.3656410892567434,1.439949040390748,14.72072072072072,model_266,1.387739365089307
1.3307661907930424,1.3673366109807663,1.4420089510710123,14.74009009009009,model_266,1.3899872346213809
1.332385321781797,1.3690008963782585,1.4440688617512767,14.759459459459459,model_266,1.3922411957411958
1.3339924967350065,1.3706767138957976,1.4461287724315408,14.778828828828829,model_266,1.394501031405237
1.335591145978345,1.372427343162149,1.4481886831118054,14.798198198198198,model_266,1.396766767938899
1.337189795221683,1.3741815766848957,1.4502485937920695,14.817567567567567,model_266,1.3990384920760948
1.3387884444650213,1.3759408979389283,1.4523085044723338,14.836936936936937,model_266,1.4013164825602988
1.3403870937083595,1.3777002191929608,1.4543684151525982,14.856306306306307,model_266,1.4036005084186902
1.3419857429516977,1.3794523580521076,1.4564283258328627,14.875675675675677,model_266,1.4058906125059971
1.343584392195036,1.3811804894939066,1.4584882365131269,14.895045045045045,model_266,1.4081870599815967
1.345183041438374,1.382929929181272,1.4605481471933912,14.914414414414415,model_266,1.4104898112398112
1.3467816906817125,1.3846315838503693,1.4625989475162922,14.933783783783785,model_266,1.4127987808811198
1.3483803399250505,1.3863579924497897,1.4645691265897773,14.953153153153153,model_266,1.415114150078222
1.3499789891683889,1.388268750717729,1.4665393056632625,14.972522522522523,model_266,1.4174360771335561
1.3520803603466869,1.390116610771335,1.4685094847367477,14.991891891891893,model_266,1.419764367255342
1.35391591361845,1.3920171913552504,1.470847700594713,15.01126126126126,model_266,1.4220991861426644
1.3560567833639723,1.3944345769871032,1.4733015612456242,15.03063063063063,model_266,1.4244407543136357
1.3586368779975315,1.3966971177625334,1.4758641753487012,15.05,model_266,1.4267888349514564
1.3612169726310905,1.3992635515528171,1.4784267894517777,15.069369369369369,model_266,1.429143650349497
1.3637970672646498,1.4018299853431013,1.4809894035548548,15.088738738738739,model_266,1.4315053405053404
1.366377161898209,1.4043964191333853,1.4835520176579315,15.108108108108109,model_266,1.433873697442853
1.3689565456680224,1.406962852923669,1.4861146317610083,15.127477477477477,model_266,1.4362490758571838
1.3715234168929953,1.409529286713953,1.4886772458640851,15.146846846846847,model_266,1.438631385079661
1.3741081071673158,1.4121029578653401,1.4912398599671621,15.166216216216217,model_266,1.4410205458858119
1.3766956867244529,1.4146883218111774,1.4938024740702387,15.185585585585585,model_266,1.4434170490192795
1.379277635066005,1.4172784475033218,1.4963650881733155,15.204954954954955,model_266,1.445820491298752
1.3818577296995642,1.4199049768594465,1.4989277022763925,15.224324324324325,model_266,1.4482312125092676
1.3844378243331232,1.422531506215571,1.501490316379469,15.243693693693693,model_266,1.4506492117117118
1.3870179189666825,1.4251580355716955,1.504052930482546,15.263063063063063,model_266,1.4530744119276113
1.3895980136002417,1.4277845649278202,1.5066155445856229,15.282432432432433,model_266,1.4555072242053375
1.3921781082338007,1.4304083825107157,1.5091781586886996,15.301801801801801,model_266,1.4579472637833293
1.3947582028673602,1.432988980485366,1.5117407727917764,15.321171171171171,model_266,1.460395084958376
1.3973382975009194,1.435569578460016,1.5143033868948534,15.340540540540541,model_266,1.462850322403622
1.3999183921344784,1.438150176434666,1.51686600099793,15.35990990990991,model_266,1.4653133643197338
1.4024984867680377,1.440730774409316,1.519428615101007,15.37927927927928,model_266,1.4677840714277497
1.405078581401597,1.4433113723839661,1.5219912292040838,15.39864864864865,model_266,1.4702626472626474
1.4076683195930348,1.4458879550135695,1.5245538433071606,15.418018018018017,model_266,1.47274910257301
1.4102680353750827,1.4484543884966026,1.5271164574102374,15.437387387387387,model_266,1.4752435338564371
1.4128677511571306,1.4510208219796357,1.5296790715133144,15.456756756756757,model_266,1.4777460228663335
1.415467466939178,1.4535932680819286,1.532241685616391,15.476126126126125,model_266,1.4802566397566397
1.418067182721226,1.4561897116673834,1.5348042997194677,15.495495495495495,model_266,1.4827754551426426
1.4206668985032735,1.4587790232639632,1.5373669138225448,15.514864864864865,model_266,1.4853025967143616
1.4232666142853212,1.4613528011150376,1.5399295279256213,15.534234234234233,model_266,1.4878380385628092
1.425859698310061,1.463926578966112,1.5424921420286983,15.553603603603603,model_266,1.4903820531057372
1.4284276894180747,1.4665003568171864,1.5450547561317751,15.572972972972973,model_266,1.4929344291521074
1.4309698939800708,1.4690741346682608,1.547617370234852,15.592342342342342,model_266,1.4954956744824295
1.4335120985420673,1.4716479125193351,1.5501799843379287,15.611711711711711,model_266,1.4980653871957064
1.4360543031040638,1.4742216903704097,1.5527425984410057,15.631081081081081,model_266,1.5006441441441443
1.4386198116378661,1.4767954682214839,1.5553052125440823,15.65045045045045,model_266,1.5032267267267265
1.4411999062714256,1.4793692460725585,1.5578678266471593,15.66981981981982,model_266,1.5058093093093092
1.4437800009049848,1.4819430239236329,1.560430440750236,15.68918918918919,model_266,1.508391891891892
1.4463600955385438,1.4845168017747072,1.5629930548533129,15.708558558558558,model_266,1.5109744744744742
1.448940190172103,1.4870905796257816,1.5655556689563896,15.727927927927928,model_266,1.513557057057057
1.4515202848056623,1.489664357476856,1.5681182830594667,15.747297297297298,model_266,1.5161396396396396
1.4541003794392213,1.4922381353279304,1.5706808971625432,15.766666666666666,model_266,1.5187222222222219
1.4566804740727806,1.4948119131790047,1.5732435112656202,15.786036036036036,model_266,1.5213048048048048
1.4592605687063398,1.4973856910300793,1.575806125368697,15.805405405405406,model_266,1.5238873873873873
1.4618164003567145,1.4999594688811537,1.5783687394717738,15.824774774774776,model_266,1.5264699699699702
1.4643564354378555,1.502533246732228,1.5809313535748506,15.844144144144144,model_266,1.5290525525525525
1.466896470518997,1.5051070245833025,1.5834939676779274,15.863513513513514,model_266,1.531635135135135
1.4694365056001384,1.507680802434377,1.5860565817810044,15.882882882882884,model_266,1.5342177177177179
1.4719765406812795,1.5102545802854512,1.588619195884081,15.902252252252252,model_266,1.5368003003003001
1.4745165757624208,1.5128283581365256,1.591181809987158,15.921621621621622,model_266,1.539382882882883
1.477056610843562,1.5154021359876002,1.5937444240902348,15.940990990990992,model_266,1.5419654654654655
1.4795966459247034,1.5179759138386744,1.5963070381933115,15.96036036036036,model_266,1.544548048048048
1.4821366810058447,1.520549691689749,1.5988696522963883,15.97972972972973,model_266,1.5471306306306307
1.484676716086986,1.5231234695408233,1.6014322663994653,15.9990990990991,model_266,1.5497132132132134
1.487231303040204,1.525697247391898,1.6039948805025421,16.01846846846847,model_266,1.5522957957957961
1.4898164952495911,1.528271025242972,1.606557494605619,16.037837837837838,model_266,1.5548783783783784
1.4924016874589783,1.5308448030940465,1.6091201087086955,16.057207207207206,model_266,1.5574609609609606
1.4949868796683659,1.533418580945121,1.6116827228117727,16.076576576576578,model_266,1.5600435435435436
1.497572071877753,1.5359923587961952,1.61426027114122,16.095945945945946,model_266,1.5626261261261263
1.50013829548196,1.5385661366472696,1.6168591939880739,16.115315315315314,model_266,1.5652087087087085
1.5026926973435115,1.5411399144983442,1.619458116834928,16.134684684684686,model_266,1.5677912912912915
1.5052470992050624,1.5437136923494186,1.622057039681782,16.154054054054054,model_266,1.5703738738738737
1.5078015010666133,1.5462874702004927,1.6246559625286356,16.173423423423422,model_266,1.5729564564564564
1.5103559029281646,1.5488612480515676,1.62725488537549,16.192792792792794,model_266,1.5755390390390394
1.5129103047897154,1.5514350259026417,1.629853808222344,16.212162162162162,model_266,1.5781216216216216
1.5154647066512663,1.554008803753716,1.6324527310691976,16.23153153153153,model_266,1.5807042042042039
1.5180191085128176,1.5565825816047907,1.635051653916052,16.250900900900902,model_266,1.5832867867867868
1.5205735103743685,1.5591563594558648,1.6376505767629057,16.27027027027027,model_266,1.5858693693693695
1.5231500974436027,1.5617301373069392,1.6402494996097596,16.28963963963964,model_266,1.588451951951952
1.5257295825580186,1.564303915158014,1.642848422456614,16.30900900900901,model_266,1.5910345345345347
1.528309067672434,1.5668776930090882,1.6454473453034677,16.32837837837838,model_266,1.593617117117117
1.5308885527868494,1.5694514708601623,1.6480462681503214,16.347747747747746,model_266,1.5961996996996994
1.5334680379012653,1.5720252487112372,1.6506451909971758,16.367117117117118,model_266,1.5987822822822826
1.536047523015681,1.5745990265623113,1.6532441138440297,16.386486486486486,model_266,1.601364864864865
1.5386270081300963,1.5771728044133857,1.6558430366908834,16.405855855855854,model_266,1.6039474474474473
1.5412064932445122,1.5797465822644603,1.6584419595377378,16.425225225225226,model_266,1.60653003003003
1.5437859783589278,1.5823203601155345,1.6610408823845915,16.444594594594594,model_266,1.6091126126126123
1.5463654634733432,1.5848941379666088,1.6636398052314454,16.463963963963963,model_266,1.6116951951951952
1.548944948587759,1.5874679158176837,1.6662387280782995,16.483333333333334,model_266,1.6142777777777781
1.5515244337021745,1.5900416936687578,1.6688376509251535,16.502702702702702,model_266,1.6168603603603604
1.55410391881659,1.592615471519832,1.6714365737720072,16.52207207207207,model_266,1.6194429429429427
1.556683403931006,1.5951892493709068,1.6740354966188615,16.541441441441442,model_266,1.6220255255255256
1.5592628890454214,1.597763027221981,1.6766344194657155,16.56081081081081,model_266,1.6246081081081083
1.5618423741598368,1.6003368050730553,1.6792333423125692,16.58018018018018,model_266,1.6271906906906906
1.5644218592742527,1.60291058292413,1.6818322651594235,16.59954954954955,model_266,1.6297732732732733
1.5670013443886681,1.605484360775204,1.6844311880062772,16.61891891891892,model_266,1.6323558558558555
1.5695808295030838,1.6080581386262784,1.6870301108531311,16.638288288288287,model_266,1.634938438438438
1.5721603146174996,1.6106319164773533,1.6896290336999855,16.65765765765766,model_266,1.6375210210210212
1.574739799731915,1.6132056943284274,1.6922279565468392,16.677027027027027,model_266,1.6401036036036036
1.5773192848463304,1.6157794721795016,1.694826879393693,16.696396396396395,model_266,1.642686186186186
1.5798987699607465,1.6183532500305764,1.6974258022405473,16.715765765765767,model_266,1.6452687687687688
1.582478255075162,1.6209270278816506,1.7000247250874012,16.735135135135135,model_266,1.6478513513513513
1.5850609773009825,1.623500805732725,1.702623647934255,16.754504504504503,model_266,1.6504339339339338
1.5876464956124183,1.6260745835837995,1.7052225707811093,16.773873873873875,model_266,1.6530165165165167
1.5902320139238537,1.628648361434874,1.707821493627963,16.793243243243243,model_266,1.655599099099099
1.592817532235289,1.631222139285948,1.710420416474817,16.81261261261261,model_266,1.6581816816816812
1.5954030505467252,1.6337959171370229,1.7130193393216713,16.831981981981983,model_266,1.6607642642642644
1.5979885688581605,1.636369694988097,1.715618262168525,16.85135135135135,model_266,1.6633468468468469
1.600574087169596,1.6389484388734807,1.7182171850153787,16.87072072072072,model_266,1.6659294294294291
1.6031596054810318,1.6415375063090019,1.720816107862233,16.89009009009009,model_266,1.668512012012012
1.6057451237924674,1.6441265737445228,1.723415030709087,16.90945945945946,model_266,1.6710945945945943
1.6083306421039028,1.6467156411800434,1.7260139535559407,16.928828828828827,model_266,1.673677177177177
1.6109161604153386,1.6493047086155648,1.728612876402795,16.9481981981982,model_266,1.67625975975976
1.6135016787267742,1.6518937760510854,1.7312117992496487,16.967567567567567,model_266,1.6788423423423422
1.6160871970382096,1.6544828434866063,1.7338107220965027,16.986936936936935,model_266,1.6814249249249247
1.6186727153496454,1.6570772276971961,1.736409644943357,17.006306306306307,model_266,1.6840075075075074
1.6212582336610808,1.659689386409788,1.7390085677902107,17.025675675675675,model_266,1.6865900900900903
1.6238437519725162,1.6623015451223797,1.7416074906370644,17.045045045045043,model_266,1.6891726726726726
1.6264292702839522,1.664913703834972,1.7442064134839188,17.064414414414415,model_266,1.6917552552552553
1.6290147885953876,1.6675219661610972,1.7468053363307727,17.083783783783783,model_266,1.6943378378378375
1.631600306906823,1.6701258868432753,1.7494042591776264,17.10315315315315,model_266,1.69692042042042
1.634185825218259,1.6727081171431335,1.7520031820244808,17.122522522522523,model_266,1.6995030030030032
1.6367713435296944,1.675277541466475,1.7546021048713345,17.14189189189189,model_266,1.7020855855855854
1.6393568618411303,1.677846965789817,1.7572010277181889,17.161261261261263,model_266,1.7046681681681684
1.6419423801525657,1.6804163901131584,1.7597999505650428,17.18063063063063,model_266,1.7072507507507508
1.6445278984640013,1.6829858144364997,1.7623988734118965,17.2,model_266,1.709833333333333
1.647113416775437,1.6855552387598418,1.7649977962587509,17.21936936936937,model_266,1.7124159159159162
1.6496989350868725,1.688140720148379,1.7675967191056046,17.23873873873874,model_266,1.7149984984984987
1.6522844533983079,1.6907265090677361,1.7701956419524585,17.258108108108107,model_266,1.717581081081081
1.654869971709744,1.693295621739714,1.7727945647993126,17.27747747747748,model_266,1.7201636636636637
1.6574554900211793,1.6958647344116915,1.7753934876461666,17.296846846846847,model_266,1.7227462462462464
1.6600410083326147,1.6984338470836688,1.7779924104930203,17.316216216216215,model_266,1.7253288288288289
1.6626265266440505,1.7010029597556469,1.7805913333398746,17.335585585585587,model_266,1.7279114114114116
1.665212044955486,1.7035720724276242,1.7831902561867286,17.354954954954955,model_266,1.730493993993994
1.6677975632669215,1.7061459984710292,1.7857891790335823,17.374324324324323,model_266,1.7330765765765763
1.6703830815783574,1.7087383497657083,1.7883881018804366,17.393693693693695,model_266,1.7356591591591595
1.6729536830214689,1.7113307010603866,1.7909870247272903,17.413063063063063,model_266,1.738241741741742
1.6755462538349941,1.7138997067411494,1.7935859475741442,17.43243243243243,model_266,1.7408243243243242
1.6781388246485198,1.716453370739714,1.7961848704209986,17.451801801801803,model_266,1.7434069069069071
1.6807313954620449,1.719007034738278,1.7987837932678523,17.47117117117117,model_266,1.7459894894894894
1.6833239662755701,1.7215606987368421,1.801382716114706,17.49054054054054,model_266,1.7485720720720723
1.6859165370890958,1.724124973803445,1.8039816389615604,17.50990990990991,model_266,1.7511546546546548
1.688509107902621,1.7266940864754223,1.8065805618084143,17.52927927927928,model_266,1.7537372372372373
1.6911016787161464,1.7292631991474,1.809179484655268,17.548648648648648,model_266,1.7563198198198195
1.6936942495296718,1.7318323118193777,1.8117784075021224,17.56801801801802,model_266,1.7589024024024023
1.696286820343197,1.734401424491355,1.814377330348976,17.587387387387388,model_266,1.7614849849849852
1.6988679867889558,1.7369818041982028,1.81697625319583,17.606756756756756,model_266,1.7640675675675674
1.7014351891781372,1.739581655218615,1.8195751760426844,17.626126126126128,model_266,1.7666501501501504
1.7040023915673181,1.742137096418683,1.822174098889538,17.645495495495496,model_266,1.7692327327327326
1.7065695939564993,1.744692537618751,1.8247730217363918,17.664864864864864,model_266,1.7718153153153149
1.7091367963456805,1.7472713757503313,1.8273719445832461,17.684234234234236,model_266,1.7743978978978983
1.7117039987348617,1.7498626493143536,1.8299708674301,17.703603603603604,model_266,1.7769804804804805
1.7142712011240426,1.752453922878376,1.8325697902769538,17.722972972972972,model_266,1.7795630630630628
1.716838403513224,1.755045196442399,1.835168713123808,17.742342342342344,model_266,1.7821456456456457
1.719405605902405,1.7576364700064215,1.8377676359706618,17.761711711711712,model_266,1.784728228228228
1.721972808291586,1.7602277435704439,1.8403665588175158,17.78108108108108,model_266,1.787310810810811
1.7245400106807673,1.7628086572290311,1.84296548166437,17.80045045045045,model_266,1.7898933933933936
1.7271072130699483,1.7653606961617405,1.8455623753806054,17.81981981981982,model_266,1.7924759759759759
1.7296744154591293,1.7679127350944501,1.84812909131541,17.839189189189188,model_266,1.7950585585585581
1.7322416178483107,1.77046477402716,1.8506958072502149,17.85855855855856,model_266,1.7976411411411415
1.7348088202374916,1.7730168129598693,1.8532625231850193,17.877927927927928,model_266,1.800223723723724
1.7373760226266726,1.7755688518925787,1.8558292391198234,17.897297297297296,model_266,1.8028063063063062
1.739943225015854,1.7781530901308287,1.8583959550546285,17.916666666666668,model_266,1.805388888888889
1.742510427405035,1.7807390096308682,1.860962670989433,17.936036036036036,model_266,1.8079714714714714
1.7450776297942159,1.7833169053831983,1.8635293869242373,17.955405405405404,model_266,1.810554054054054
1.74764202298386,1.7859159242201277,1.8660961028590421,17.974774774774776,model_266,1.8131366366366368
1.7501899619116945,1.7885149430570566,1.8686628187938465,17.994144144144144,model_266,1.8157192192192193
1.752737900839529,1.7911139618939855,1.871229534728651,18.013513513513512,model_266,1.8183018018018016
1.7553037577410082,1.7936952503435863,1.8737962506634558,18.032882882882884,model_266,1.8208843843843843
1.7578832428554239,1.7962619276911636,1.8763629665982602,18.052252252252252,model_266,1.8234669669669672
1.760462727969839,1.7988286050387408,1.8789296825330646,18.07162162162162,model_266,1.8260495495495495
1.7630422130842551,1.8013952823863186,1.8814963984678694,18.090990990990992,model_266,1.8286321321321324
1.7656152489076649,1.8039619597338958,1.8840631144026738,18.11036036036036,model_266,1.8312147147147146
1.768182451296846,1.806528637081473,1.8866298303374782,18.12972972972973,model_266,1.833797297297297
1.7707496536860274,1.8090853001542122,1.889196546272283,18.1490990990991,model_266,1.8363798798798803
1.7733168560752084,1.8116335364618397,1.8917632622070875,18.16846846846847,model_266,1.8389624624624625
1.7758840584643893,1.8141937914490627,1.8943299781418919,18.187837837837836,model_266,1.8415450450450448
1.7784512608535707,1.8167519624093422,1.896896694076697,18.207207207207208,model_266,1.8441276276276277
1.7810184632427517,1.8193434491353748,1.899463410011501,18.226576576576576,model_266,1.84671021021021
1.7835856656319327,1.8219349358614072,1.9020702907264941,18.245945945945945,model_266,1.8492927927927927
1.786152868021114,1.8245264225874402,1.904679525912416,18.265315315315316,model_266,1.8518753753753756
1.788720070410295,1.8271179093134728,1.9072887610983376,18.284684684684684,model_266,1.8544579579579579
1.7912764540920492,1.8297093960395054,1.9098979962842588,18.304054054054053,model_266,1.8570405405405401
1.7938294029048503,1.8323008827655385,1.9125072314701808,18.323423423423424,model_266,1.859623123123123
1.796382351717651,1.834892369491571,1.915116466656102,18.342792792792793,model_266,1.862205705705706
1.7989353005304516,1.8374838562176037,1.9177257018420235,18.36216216216216,model_266,1.8647882882882882
1.8014882493432527,1.8400753429436367,1.9203349370279452,18.381531531531532,model_266,1.867370870870871
1.8040411981560533,1.8426668296696693,1.9229441722138667,18.4009009009009,model_266,1.8699534534534534
1.806594146968854,1.8452583163957017,1.925553407399788,18.42027027027027,model_266,1.872536036036036
1.809147095781655,1.8478498031217347,1.92816264258571,18.43963963963964,model_266,1.8751186186186188
1.8117000445944558,1.8504381832874401,1.9307718777716314,18.45900900900901,model_266,1.877701201201201
1.8142529934072562,1.853026415569212,1.9333811129575527,18.478378378378377,model_266,1.8802837837837834
1.8168059422200575,1.8556146478509845,1.9359903481434746,18.49774774774775,model_266,1.8828663663663663
1.819358891032858,1.8582028801327564,1.9385995833293959,18.517117117117117,model_266,1.8854489489489488
1.8219118398456586,1.8607911124145282,1.9412088185153173,18.536486486486485,model_266,1.8880315315315312
1.8244647886584597,1.8633793446963005,1.943818053701239,18.555855855855857,model_266,1.8906141141141142
1.8270177374712604,1.8659652782035103,1.9464272888871605,18.575225225225225,model_266,1.8931966966966967
1.829570686284061,1.868525559746667,1.9490365240730818,18.594594594594593,model_266,1.895779279279279
1.8321236350968622,1.8710858412898244,1.9516457592590037,18.613963963963965,model_266,1.898361861861862
1.8346765839096628,1.873646122832981,1.9542549944449252,18.633333333333333,model_266,1.9009444444444445
1.8372295327224633,1.8762064043761377,1.9568642296308465,18.6527027027027,model_266,1.9035270270270268
1.8397824815352646,1.8787666859192949,1.9594734648167684,18.672072072072073,model_266,1.9061096096096095
1.842335430348065,1.8813269674624518,1.9620827000026897,18.69144144144144,model_266,1.908692192192192
1.8448883791608657,1.883889178517446,1.9646919351886112,18.71081081081081,model_266,1.9112747747747747
1.8474413279736668,1.886474213991004,1.9673011703745331,18.73018018018018,model_266,1.9138573573573574
1.8499942767864674,1.8890592494645615,1.9699104055604544,18.74954954954955,model_266,1.9164399399399399
1.852547225599268,1.8916442849381188,1.9725196407463756,18.768918918918917,model_266,1.9190225225225221
1.8551001744120692,1.894229320411677,1.9751288759322976,18.78828828828829,model_266,1.921605105105105
1.8576531232248699,1.8968143558852342,1.977738111118219,18.807657657657657,model_266,1.9241876876876878
1.8602060720376703,1.8993993913587919,1.9803473463041403,18.827027027027025,model_266,1.92677027027027
1.8627590208504716,1.9019844268323496,1.9829565814900623,18.846396396396397,model_266,1.929352852852853
1.865311969663272,1.9045694623059073,1.9855658166759835,18.865765765765765,model_266,1.9319354354354352
1.8678649184760727,1.9071544977794646,1.988175051861905,18.885135135135133,model_266,1.9345180180180175
1.8704178672888738,1.9097395332530227,1.990784287047827,18.904504504504505,model_266,1.9371006006006009
1.8729708161016745,1.9123078208772188,1.9933935222337482,18.923873873873873,model_266,1.9396831831831831
1.8755237649144756,1.9148755330882636,1.99600275741967,18.943243243243245,model_266,1.942265765765766
1.8780767137272762,1.9174432452993078,1.9986119926055914,18.962612612612613,model_266,1.9448483483483483
1.880629662540077,1.920010957510352,2.001221227791513,18.98198198198198,model_266,1.9474309309309308
1.8831826113528778,1.9225786697213967,2.003830462977435,19.001351351351353,model_266,1.950013513513514
1.8857355601656787,1.9251463819324408,2.006439698163356,19.02072072072072,model_266,1.9525960960960962
1.888288508978479,1.927714094143485,2.0090489333492774,19.04009009009009,model_266,1.9551786786786787
1.8908414577912804,1.9302818063545297,2.0116581685351993,19.05945945945946,model_266,1.9577612612612614
1.8933944066040809,1.9328495185655739,2.014267403721121,19.07882882882883,model_266,1.9603438438438439
1.8959473554168818,1.935417230776618,2.016876638907042,19.098198198198197,model_266,1.9629264264264266
1.8985003042296826,1.9379849429876628,2.0194858740929638,19.11756756756757,model_266,1.9655090090090093
1.9010532530424833,1.9405526551987071,2.0220951092788852,19.136936936936937,model_266,1.9680915915915915
1.903606201855284,1.943120367409751,2.0247043444648067,19.156306306306305,model_266,1.970674174174174
1.906159150668085,1.9456880796207958,2.0273135796507287,19.175675675675677,model_266,1.9732567567567572
1.9087120994808857,1.9482557918318402,2.0299228148366497,19.195045045045045,model_266,1.9758393393393394
1.9112650482936862,1.950823504042884,2.032532050022571,19.214414414414414,model_266,1.978421921921922
1.9138179971064875,1.9533912162539289,2.035141285208493,19.233783783783785,model_266,1.9810045045045048
1.916370945919288,1.9559589284649732,2.0377505203944146,19.253153153153153,model_266,1.983587087087087
1.9189238947320888,1.9585266406760173,2.0403597555803357,19.27252252252252,model_266,1.9861696696696698
1.9214905762225478,1.961094352887062,2.0429689907662576,19.291891891891893,model_266,1.9887522522522527
1.9240747075707365,1.9635731535918635,2.0439067818335404,19.31126126126126,model_266,1.991334834834835
1.925997747932283,1.967427982174112,2.0482803865658337,19.33063063063063,model_266,1.9939174174174172
1.9298472101799775,1.969466151151649,2.050879309412688,19.35,model_266,1.9965000000000002
